time,edge_id,vehicle_count
60.0,-1334905223#2,1
60.0,-260882327,1
60.0,-49695726,2
60.0,-51362430,2
60.0,-545977624#2,4
60.0,-593847703#3,3
60.0,-593847704#2,9
60.0,-594658757#2,1
60.0,1068234498#0,8
60.0,1068440001,1
60.0,1068440006#0,2
60.0,1239087513,1
60.0,1334904386#0,1
60.0,182334378#0,3
60.0,182336887#2,1
60.0,196961215#0,5
60.0,196961215#2,2
60.0,196961377#0,15
60.0,196961377#3,4
60.0,196961379#0,1
60.0,198001764#0,1
60.0,232003903#0,4
60.0,241518668#0,1
60.0,244450512#5,1
60.0,260881642#0,1
60.0,268564473#0,5
60.0,288878926#0,3
60.0,30620492#0,4
60.0,30620492#1,5
60.0,336063376#0,2
60.0,353392316#0,2
60.0,48794887#0,9
60.0,49073272#4,2
60.0,49695726,1
60.0,49695733#0,1
60.0,49695733#2,3
60.0,506322841#1,2
60.0,506322841#3,1
60.0,506322851#0,5
60.0,506322853#0,1
60.0,51289045#3,1
60.0,51362429#0,2
60.0,51362431,3
60.0,593842812#0,1
60.0,593842812#2,6
60.0,593847703#0,5
60.0,593849711#0,1
60.0,593849711#2,2
60.0,593852345#0,8
60.0,593852346,2
60.0,594658762#0,2
60.0,:2081945236_2,1
60.0,:3208478128_0,1
60.0,:619136999_2,1
60.0,:631668826_0,1
60.0,:cluster_2038168688_655375573_21,1
60.0,:cluster_3431431575_4777363357_655375231_6982059025_12,1
60.0,:cluster_3431431575_4777363357_655375231_6982059025_3,1
60.0,:cluster_623980147_623980152_6,1
60.0,E0,2
80.0,-260882327,1
80.0,-300077497#5,1
80.0,-49695726,3
80.0,-545977624#2,5
80.0,-593847704#2,11
80.0,-594658757#2,1
80.0,-E0,2
80.0,1068234498#0,2
80.0,1068234499#0,1
80.0,1068440001,2
80.0,1068440004#1,1
80.0,1068440006#0,2
80.0,1239087513,1
80.0,182334379#0,4
80.0,182336886,1
80.0,196961215#0,8
80.0,196961377#0,16
80.0,196961377#3,11
80.0,196961378#1,3
80.0,196961379#0,1
80.0,232003903#0,2
80.0,241518668#0,4
80.0,244450512#1,1
80.0,244450512#4,1
80.0,244450512#5,2
80.0,260881641,1
80.0,268564473#0,7
80.0,288135626#0,7
80.0,288878926#0,4
80.0,303647015#0,1
80.0,30620492#0,5
80.0,30620492#1,2
80.0,353392316#0,2
80.0,48794887#0,9
80.0,49073272#0,2
80.0,49073272#4,2
80.0,49695726,3
80.0,49695733#2,3
80.0,506322840#0,1
80.0,506322841#1,4
80.0,506322841#3,1
80.0,506322841#4,1
80.0,506322851#0,5
80.0,506322853#0,1
80.0,51289045#1,1
80.0,51289045#3,3
80.0,51362359#0,1
80.0,51362429#0,7
80.0,51362431,3
80.0,593842812#2,11
80.0,593844216#0,1
80.0,593847702#0,3
80.0,593847702#3,1
80.0,593849711#0,1
80.0,593849711#2,5
80.0,593852345#0,7
80.0,593852346,1
80.0,594658762#0,2
80.0,:11510670762_0,1
80.0,:2444664370_0,1
80.0,:622618108_0,1
80.0,:622618144_4,1
80.0,:cluster_2528018119_655375236_2,1
80.0,:cluster_3208478133_655375293_655375296_9631728504_#1more_14,1
80.0,:cluster_5372642442_631668976_631668981_631669076_12,1
80.0,:cluster_623980090_623980094_5,1
80.0,:cluster_9383263990_9383263991_9383263992_9383263993_10,2
80.0,E0,2
100.0,-1334905223#2,1
100.0,-260882327,1
100.0,-49695726,4
100.0,-51362430,1
100.0,-545977624#2,2
100.0,-593847703#3,1
100.0,-593847704#2,13
100.0,-594658757#2,1
100.0,-E0,2
100.0,1068234498#0,3
100.0,1068234499#0,8
100.0,1068440001,2
100.0,1068440006#0,2
100.0,1239087513,1
100.0,182334379#0,2
100.0,182336886,1
100.0,196961215#0,16
100.0,196961377#0,22
100.0,196961377#3,11
100.0,196961378#1,4
100.0,196961379#0,1
100.0,232003903#0,2
100.0,244450512#4,1
100.0,244450512#5,2
100.0,268564473#0,1
100.0,288135626#0,4
100.0,288135628#0,3
100.0,288878926#0,3
100.0,288878927,2
100.0,30620492#0,3
100.0,314800955,1
100.0,336063376#0,2
100.0,353392316#0,2
100.0,484988952#0,1
100.0,48794887#0,9
100.0,49073272#3,1
100.0,49073272#4,2
100.0,49695726,2
100.0,49695733#2,3
100.0,49695736#0,3
100.0,506322840#0,3
100.0,506322841#1,3
100.0,506322851#0,6
100.0,506322853#0,1
100.0,51289045#3,1
100.0,51362429#0,9
100.0,51362431,4
100.0,593842812#0,1
100.0,593842812#2,3
100.0,593844221#0,1
100.0,593849711#0,1
100.0,593849711#2,7
100.0,593849721,1
100.0,593852345#0,2
100.0,593852346,2
100.0,594658762#0,1
100.0,906806086#0,1
100.0,:11510670762_0,1
100.0,:2081945236_0,1
100.0,:2444664370_0,1
100.0,:3086736518_7,1
100.0,:3208478121_1,2
100.0,:3208478128_0,1
100.0,:6251747844_1,1
100.0,:631668826_0,1
100.0,:655375233_0,1
100.0,:655375336_29,3
100.0,:655375336_48,1
100.0,:cluster_2528018119_655375236_16,1
100.0,:cluster_2528018119_655375236_6,1
100.0,:cluster_3208478133_655375293_655375296_9631728504_#1more_1,1
100.0,:cluster_4374470814_4374470816_656132411_656132475_4,1
100.0,:cluster_5372642442_631668976_631668981_631669076_12,1
100.0,:cluster_623980147_623980152_3,1
100.0,:cluster_9383263990_9383263991_9383263992_9383263993_10,1
100.0,E0,2
120.0,-260882327,1
120.0,-49695726,4
120.0,-51362430,1
120.0,-545977624#2,4
120.0,-593847703#3,7
120.0,-593847704#2,4
120.0,-594658757#2,1
120.0,-E0,2
120.0,1068234498#0,3
120.0,1068234499#0,5
120.0,1068440001,4
120.0,1068440006#0,2
120.0,1239087513,1
120.0,182334378#0,2
120.0,182334379#0,5
120.0,182336886,1
120.0,196961215#0,14
120.0,196961215#2,2
120.0,196961377#0,27
120.0,196961377#3,11
120.0,196961379#0,1
120.0,232003903#0,2
120.0,241518668#0,3
120.0,244450512#4,1
120.0,244450512#5,2
120.0,268564473#0,3
120.0,288135626#0,4
120.0,288878926#0,1
120.0,30620492#0,3
120.0,30620492#1,4
120.0,314800955,1
120.0,353392316#0,2
120.0,484988952#0,2
120.0,48794887#0,8
120.0,49073272#4,5
120.0,49073274,1
120.0,49695726,4
120.0,49695733#0,1
120.0,49695733#2,3
120.0,49695736#0,2
120.0,506322840#0,1
120.0,506322841#1,4
120.0,506322851#0,6
120.0,506322853#0,1
120.0,51362359#0,1
120.0,51362429#0,9
120.0,51362431,4
120.0,51392936#0,1
120.0,593842812#0,1
120.0,593847703#0,10
120.0,593849711#0,2
120.0,593849711#2,11
120.0,593852345#0,5
120.0,594658762#0,2
120.0,:11510670762_0,1
120.0,:2444664370_0,1
120.0,:3086736518_7,1
120.0,:3208478128_0,2
120.0,:655375233_0,1
120.0,:655375241_0,1
120.0,:655375336_29,3
120.0,:cluster_2528018119_655375236_16,1
120.0,:cluster_2528018119_655375236_7,1
120.0,:cluster_2664674491_655375287_655375288_3,1
120.0,:cluster_3208478133_655375293_655375296_9631728504_#1more_1,1
120.0,:cluster_4374470814_4374470816_656132411_656132475_6,1
120.0,:cluster_623980090_623980094_1,1
120.0,:cluster_623980147_623980152_14,1
120.0,:cluster_623980147_623980152_9,1
120.0,E0,2
140.0,-1334905223#2,2
140.0,-49695726,3
140.0,-51362430,2
140.0,-545977624#2,3
140.0,-593847703#3,10
140.0,-593847704#2,2
140.0,-594658757#2,2
140.0,-E0,2
140.0,1068234498#0,8
140.0,1068234499#0,1
140.0,1068440001,5
140.0,1239087513,1
140.0,1334904386#0,1
140.0,182334378#0,7
140.0,182334379#0,6
140.0,182336886,1
140.0,196961215#0,11
140.0,196961215#2,3
140.0,196961377#0,27
140.0,196961377#3,7
140.0,232003903#0,2
140.0,241518668#0,1
140.0,244450512#0,1
140.0,244450512#5,1
140.0,268564473#0,5
140.0,288878926#0,5
140.0,30620492#0,2
140.0,30620492#1,2
140.0,336063376#0,2
140.0,353392316#0,5
140.0,420578931#0,1
140.0,420578931#1,1
140.0,48794887#0,8
140.0,49073272#0,1
140.0,49073272#3,2
140.0,49695726,3
140.0,49695733#2,3
140.0,506322840#0,4
140.0,506322841#1,4
140.0,506322851#0,6
140.0,506322853#0,1
140.0,51362429#0,9
140.0,51362431,5
140.0,51392936#0,1
140.0,593842812#2,6
140.0,593847702#3,1
140.0,593847703#0,16
140.0,593849711#0,2
140.0,593849711#2,14
140.0,593849718#0,3
140.0,593852345#0,8
140.0,593852346,2
140.0,594658762#0,2
140.0,:11510670762_0,1
140.0,:2749340167_0,1
140.0,:622618108_1,1
140.0,:622618230_0,1
140.0,:656132476_1,1
140.0,:cluster_2528018119_655375236_23,1
140.0,:cluster_2528018119_655375236_6,1
140.0,:cluster_3208478133_655375293_655375296_9631728504_#1more_15,1
140.0,:cluster_3431431575_4777363357_655375231_6982059025_12,1
140.0,:cluster_3431431575_4777363357_655375231_6982059025_3,1
140.0,:cluster_623980090_623980094_1,1
140.0,:cluster_623980147_623980152_14,1
140.0,:cluster_623980147_623980152_9,1
140.0,:cluster_9383263990_9383263991_9383263992_9383263993_10,2
140.0,:cluster_9383263990_9383263991_9383263992_9383263993_21,1
140.0,E0,2
160.0,-1334905223#2,2
160.0,-260882327,1
160.0,-49073264#1,1
160.0,-49695726,4
160.0,-51362430,3
160.0,-545977624#2,2
160.0,-593847703#3,13
160.0,-593847704#2,2
160.0,-594658757#2,2
160.0,1068234498#0,3
160.0,1068234499#0,3
160.0,1068440001,3
160.0,1334904386#0,1
160.0,182334378#0,7
160.0,182334379#0,1
160.0,182336886,1
160.0,182336887#2,1
160.0,196961215#0,13
160.0,196961377#0,19
160.0,196961377#3,7
160.0,196961378#1,1
160.0,196961379#0,1
160.0,232003903#0,2
160.0,241518668#0,4
160.0,244450512#5,1
160.0,259080307#0,1
160.0,260881641,1
160.0,260881642#0,1
160.0,268564473#0,7
160.0,288135626#0,6
160.0,288878926#0,4
160.0,30620492#0,2
160.0,353392316#0,5
160.0,48794887#0,9
160.0,49073272#0,2
160.0,49073272#4,2
160.0,49695726,2
160.0,49695733#2,3
160.0,506322840#0,2
160.0,506322841#1,4
160.0,506322841#4,1
160.0,506322851#0,5
160.0,506322853#0,2
160.0,51289045#3,1
160.0,51362359#0,1
160.0,51362429#0,6
160.0,51362431,6
160.0,51392936#0,1
160.0,593842812#0,1
160.0,593842812#2,8
160.0,593844221#0,1
160.0,593847703#0,13
160.0,593847704#0,2
160.0,593849711#0,2
160.0,593849711#2,14
160.0,593849718#0,3
160.0,593852345#0,8
160.0,593852346,2
160.0,594658762#0,2
160.0,:11510670762_0,1
160.0,:2749340167_0,1
160.0,:3086736518_0,1
160.0,:3086736518_16,1
160.0,:619136999_2,1
160.0,:622618108_1,1
160.0,:622618230_0,1
160.0,:655375232_0,1
160.0,:656132414_2,1
160.0,:656132498_0,1
160.0,:cluster_2528018119_655375236_2,2
160.0,:cluster_3208478133_655375293_655375296_9631728504_#1more_8,2
160.0,:cluster_623980090_623980094_5,2
160.0,:cluster_623980147_623980152_6,1
160.0,:cluster_9383263990_9383263991_9383263992_9383263993_10,1
160.0,E0,2
180.0,-1334905223#2,1
180.0,-260882327,1
180.0,-49073264#1,1
180.0,-49695726,3
180.0,-51362430,1
180.0,-545977624#2,2
180.0,-593847703#3,13
180.0,-593847704#2,2
180.0,-594658757#2,5
180.0,1068234498#0,7
180.0,1068234499#0,9
180.0,1068440001,2
180.0,1068440006#0,4
180.0,1334904386#0,3
180.0,182334378#0,7
180.0,182334379#0,8
180.0,182336886,1
180.0,196961215#0,21
180.0,196961377#0,14
180.0,196961377#3,7
180.0,196961378#1,4
180.0,196961379#0,1
180.0,232003903#0,2
180.0,244450512#4,1
180.0,244450512#5,1
180.0,268564473#0,3
180.0,288135628#0,3
180.0,288878927,1
180.0,30620492#0,3
180.0,30620492#1,1
180.0,336063376#0,2
180.0,484988952#0,1
180.0,48794887#0,9
180.0,49073272#4,2
180.0,49695726,3
180.0,49695733#2,3
180.0,506322840#0,1
180.0,506322841#1,4
180.0,506322851#0,6
180.0,506322853#0,3
180.0,51289045#3,1
180.0,51362429#0,3
180.0,51362431,6
180.0,51392936#0,1
180.0,593842812#0,1
180.0,593842812#2,11
180.0,593844221#0,1
180.0,593847703#0,7
180.0,593847704#0,2
180.0,593849711#0,3
180.0,593849711#2,15
180.0,593849718#0,3
180.0,593849721,1
180.0,593852345#0,2
180.0,593852346,2
180.0,594658762#0,1
180.0,:11510670762_0,1
180.0,:2444664370_0,1
180.0,:3086736518_0,1
180.0,:3086736518_16,1
180.0,:619136999_2,1
180.0,:622618108_1,1
180.0,:622618112_0,2
180.0,:631668826_0,1
180.0,:655375232_0,1
180.0,:655375240_7,1
180.0,:655375245_0,1
180.0,:656132498_0,1
180.0,:cluster_2528018119_655375236_2,2
180.0,:cluster_3208478133_655375293_655375296_9631728504_#1more_8,3
180.0,:cluster_3431431575_4777363357_655375231_6982059025_12,1
180.0,:cluster_4374470814_4374470816_656132411_656132475_6,1
180.0,:cluster_5372642442_631668976_631668981_631669076_10,1
180.0,:cluster_5372642442_631668976_631668981_631669076_25,1
180.0,:cluster_623980147_623980152_3,2
180.0,:cluster_9383263990_9383263991_9383263992_9383263993_21,1
180.0,E0,6
200.0,-260882327,1
200.0,-49073264#1,1
200.0,-49695726,4
200.0,-51362430,1
200.0,-545977624#2,5
200.0,-593847703#3,13
200.0,-593847704#2,7
200.0,-594658757#2,8
200.0,1068234498#0,10
200.0,1068234499#0,9
200.0,1068440006#0,6
200.0,1334904386#0,4
200.0,182334378#0,8
200.0,182334379#0,6
200.0,182336886,1
200.0,196961215#0,22
200.0,196961215#2,4
200.0,196961377#0,17
200.0,196961377#3,10
200.0,196961379#0,1
200.0,232003903#0,2
200.0,244450512#4,1
200.0,244450512#5,2
200.0,268564473#0,2
200.0,288135628#0,1
200.0,30620492#0,4
200.0,30620492#1,4
200.0,353392316#0,2
200.0,48794887#0,8
200.0,49073272#1,1
200.0,49073272#3,3
200.0,49695726,2
200.0,49695733#0,2
200.0,49695733#2,3
200.0,506322841#1,4
200.0,506322851#0,5
200.0,506322853#0,1
200.0,51289045#3,1
200.0,51362429#0,2
200.0,51362431,7
200.0,51392936#0,1
200.0,593842812#0,1
200.0,593842812#2,14
200.0,593847702#3,1
200.0,593849711#0,4
200.0,593849711#2,19
200.0,593852345#0,5
200.0,593852346,2
200.0,594658762#0,1
200.0,:11510670762_0,1
200.0,:2444664370_0,1
200.0,:3086736518_0,1
200.0,:622618144_4,1
200.0,:655375241_0,1
200.0,:655375336_26,1
200.0,:656132414_2,1
200.0,:cluster_2528018119_655375236_2,1
200.0,:cluster_2528018119_655375236_22,1
200.0,:cluster_3208478133_655375293_655375296_9631728504_#1more_8,3
200.0,:cluster_5372642442_631668976_631668981_631669076_1,7
200.0,:cluster_5372642442_631668976_631668981_631669076_12,2
200.0,:cluster_623980147_623980152_6,2
200.0,E0,12
220.0,-1334905223#2,1
220.0,-260882327,1
220.0,-49073264#1,1
220.0,-49695726,4
220.0,-51362430,1
220.0,-545977624#2,3
220.0,-593847703#3,13
220.0,-593847704#2,9
220.0,-594658757#2,8
220.0,1068234498#0,5
220.0,1068234499#0,7
220.0,1068440006#0,6
220.0,1239087513,1
220.0,1334904386#0,5
220.0,182334378#0,8
220.0,182336886,1
220.0,196961215#0,20
220.0,196961215#2,2
220.0,196961377#0,23
220.0,196961377#3,10
220.0,232003903#0,2
220.0,241518668#0,2
220.0,244450512#5,2
220.0,259080307#0,1
220.0,263217603#0,1
220.0,268564473#0,5
220.0,288135626#0,10
220.0,288135628#0,3
220.0,288878926#0,5
220.0,30620492#0,1
220.0,30620492#1,3
220.0,336063376#0,2
220.0,353392316#0,2
220.0,484988952#0,1
220.0,48794887#0,9
220.0,49073272#1,2
220.0,49073272#4,4
220.0,49073274,1
220.0,49695726,3
220.0,49695733#2,2
220.0,506322840#0,1
220.0,506322841#1,4
220.0,506322851#0,5
220.0,506322853#0,1
220.0,51289045#3,1
220.0,51362429#0,2
220.0,51362431,8
220.0,51392846#0,1
220.0,593842812#0,4
220.0,593842812#2,14
220.0,593844221#0,1
220.0,593847703#0,1
220.0,593849711#0,3
220.0,593849711#2,22
220.0,593852345#0,7
220.0,593852346,2
220.0,594658762#0,2
220.0,906806086#0,1
220.0,:11510670762_0,1
220.0,:2444664370_0,1
220.0,:3086736518_1,1
220.0,:3208478128_0,1
220.0,:619137000_1,1
220.0,:622618108_1,1
220.0,:622618112_0,1
220.0,:655375233_0,1
220.0,:655375241_0,1
220.0,:cluster_2528018119_655375236_7,2
220.0,:cluster_2664674491_655375287_655375288_3,1
220.0,:cluster_3208478133_655375293_655375296_9631728504_#1more_8,3
220.0,:cluster_3431431575_4777363357_655375231_6982059025_12,1
220.0,:cluster_4374470814_4374470816_656132411_656132475_8,1
220.0,:cluster_5372642442_631668976_631668981_631669076_1,1
220.0,:cluster_5372642442_631668976_631668981_631669076_12,2
220.0,:cluster_623980090_623980094_1,1
220.0,:cluster_623980147_623980152_14,1
220.0,:cluster_623980147_623980152_9,1
220.0,:cluster_9383263990_9383263991_9383263992_9383263993_10,2
220.0,:cluster_9383263990_9383263991_9383263992_9383263993_21,1
220.0,E0,15
240.0,-1334905223#2,1
240.0,-260882327,1
240.0,-49073264#1,1
240.0,-49695726,5
240.0,-51362430,1
240.0,-545977624#2,4
240.0,-593847703#3,18
240.0,-593847704#2,12
240.0,-594658757#2,9
240.0,-E0,2
240.0,1068234498#0,4
240.0,1068234499#0,7
240.0,1068440001,4
240.0,1068440004#1,5
240.0,1068440006#0,6
240.0,1239087513,1
240.0,182334378#0,2
240.0,182336886,1
240.0,196961215#0,18
240.0,196961215#2,1
240.0,196961377#0,26
240.0,196961377#3,11
240.0,196961379#0,1
240.0,232003903#0,3
240.0,241518668#0,5
240.0,244450512#0,1
240.0,244450512#1,1
240.0,244450512#5,2
240.0,259080307#0,1
240.0,268564473#0,7
240.0,288135626#0,10
240.0,288878926#0,9
240.0,303647015#0,5
240.0,30620492#0,2
240.0,30620492#1,2
240.0,336063376#0,1
240.0,353392316#0,2
240.0,48794887#0,8
240.0,49073272#4,10
240.0,49695726,3
240.0,49695733#2,3
240.0,506322840#0,3
240.0,506322841#1,3
240.0,506322851#0,6
240.0,506322853#0,1
240.0,51289045#3,1
240.0,51362429#0,5
240.0,51362431,8
240.0,593842812#0,7
240.0,593842812#2,14
240.0,593844216#0,4
240.0,593844221#0,1
240.0,593847703#0,10
240.0,593849711#0,5
240.0,593849711#2,14
240.0,593852345#0,9
240.0,593852346,2
240.0,594658762#0,2
240.0,:11510670762_0,1
240.0,:2081945236_0,1
240.0,:2444664370_0,1
240.0,:3086736518_1,1
240.0,:3208478128_0,2
240.0,:655375232_6,1
240.0,:655375233_0,1
240.0,:655375336_7,1
240.0,:cluster_3208478133_655375293_655375296_9631728504_#1more_14,2
240.0,:cluster_3208478133_655375293_655375296_9631728504_#1more_8,3
240.0,:cluster_5372642442_631668976_631668981_631669076_12,1
240.0,:cluster_623980090_623980094_5,2
240.0,:cluster_623980147_623980152_6,1
240.0,E0,15
260.0,-1334905223#2,1
260.0,-260882327,1
260.0,-49695726,4
260.0,-51362430,1
260.0,-545977624#2,6
260.0,-593847703#3,18
260.0,-593847704#2,15
260.0,-594658757#2,9
260.0,-E0,2
260.0,1068234498#0,10
260.0,1068234499#0,9
260.0,1068440001,5
260.0,1068440004#1,8
260.0,1068440006#0,6
260.0,1239087513,1
260.0,1334904386#0,1
260.0,182334378#0,1
260.0,182336886,1
260.0,182336887#2,1
260.0,196961215#0,25
260.0,196961377#0,27
260.0,196961377#3,11
260.0,196961378#1,5
260.0,196961379#0,1
260.0,232003903#0,3
260.0,241518668#0,5
260.0,244450512#1,1
260.0,244450512#4,1
260.0,244450512#5,2
260.0,263217603#0,1
260.0,268564473#0,4
260.0,288135626#0,8
260.0,288878926#0,3
260.0,288878927,1
260.0,30620492#0,4
260.0,314800955,1
260.0,484988952#0,1
260.0,48794887#0,10
260.0,49073272#0,1
260.0,49073272#4,9
260.0,49695726,2
260.0,49695733#2,2
260.0,506322840#0,1
260.0,506322841#1,4
260.0,506322851#0,5
260.0,506322853#0,1
260.0,51362429#0,8
260.0,51362431,9
260.0,545977624#0,3
260.0,593842812#0,9
260.0,593842812#2,14
260.0,593844221#0,1
260.0,593847702#3,1
260.0,593847703#0,14
260.0,593849711#0,3
260.0,593849711#2,11
260.0,593849721,1
260.0,593852345#0,1
260.0,593852346,2
260.0,594658762#0,2
260.0,:11510670762_0,1
260.0,:2444664370_0,1
260.0,:3208478128_0,2
260.0,:3431431576_0,1
260.0,:622618108_0,1
260.0,:622618230_6,1
260.0,:631668826_0,1
260.0,:655375241_0,1
260.0,:655375336_29,1
260.0,:656132499_0,1
260.0,:cluster_2528018119_655375236_2,2
260.0,:cluster_2528018119_655375236_22,1
260.0,:cluster_3208478133_655375293_655375296_9631728504_#1more_14,2
260.0,:cluster_3208478133_655375293_655375296_9631728504_#1more_8,1
260.0,:cluster_3431431575_4777363357_655375231_6982059025_3,1
260.0,:cluster_4374470814_4374470816_656132411_656132475_4,1
260.0,:cluster_619136929_619136942_8,1
260.0,:cluster_623980090_623980094_5,1
260.0,:cluster_623980147_623980152_3,2
260.0,:cluster_9383263990_9383263991_9383263992_9383263993_10,1
260.0,:cluster_9383263990_9383263991_9383263992_9383263993_21,1
260.0,E0,15
280.0,-1334905223#2,2
280.0,-49073264#1,1
280.0,-49695726,3
280.0,-51362430,3
280.0,-545977624#2,10
280.0,-593847703#3,11
280.0,-593847704#2,16
280.0,-594658757#2,9
280.0,-E0,2
280.0,1068234498#0,3
280.0,1068234499#0,9
280.0,1068440001,5
280.0,1068440004#1,8
280.0,1068440006#0,6
280.0,1239087513,1
280.0,1334904386#0,3
280.0,182334378#0,1
280.0,182334379#0,5
280.0,182336886,1
280.0,196961215#0,26
280.0,196961215#2,5
280.0,196961377#0,27
280.0,196961377#3,11
280.0,196961379#0,1
280.0,232003903#0,4
280.0,244450512#4,2
280.0,244450512#5,2
280.0,268564473#0,2
280.0,288135626#0,16
280.0,30620492#0,4
280.0,30620492#1,5
280.0,314800955,1
280.0,353392316#0,6
280.0,48794887#0,9
280.0,49073272#1,2
280.0,49073272#4,3
280.0,49695726,3
280.0,49695733#2,3
280.0,49695736#0,2
280.0,506322840#0,1
280.0,506322841#1,4
280.0,506322851#0,4
280.0,506322851#2,1
280.0,506322853#0,1
280.0,51289045#3,1
280.0,51362429#0,9
280.0,51362431,10
280.0,51392936#0,1
280.0,593842812#0,6
280.0,593842812#2,6
280.0,593844221#0,2
280.0,593847702#0,2
280.0,593847703#0,7
280.0,593847704#0,3
280.0,593849711#0,3
280.0,593849711#2,15
280.0,593852345#0,4
280.0,593852346,1
280.0,594658762#0,1
280.0,:11510670762_0,1
280.0,:2444664370_0,1
280.0,:3208478128_0,2
280.0,:622618108_8,1
280.0,:622618112_0,1
280.0,:655375233_4,1
280.0,:655375233_5,1
280.0,:655375245_1,1
280.0,:655375336_29,2
280.0,:655375336_48,1
280.0,:656132498_0,1
280.0,:656132499_1,1
280.0,:cluster_2528018119_655375236_2,2
280.0,:cluster_2528018119_655375236_22,1
280.0,:cluster_3208478133_655375293_655375296_9631728504_#1more_1,4
280.0,:cluster_5372642442_631668976_631668981_631669076_1,2
280.0,:cluster_5372642442_631668976_631668981_631669076_12,1
280.0,:cluster_619136929_619136942_15,1
280.0,:cluster_623980090_623980094_1,1
280.0,:cluster_623980147_623980152_14,1
280.0,E0,15
300.0,-1334905223#2,1
300.0,-260882327,1
300.0,-49695726,3
300.0,-51362430,5
300.0,-545977624#2,10
300.0,-593847703#3,2
300.0,-593847704#2,21
300.0,-594658757#2,9
300.0,-E0,2
300.0,1068234498#0,7
300.0,1068234499#0,11
300.0,1068440001,5
300.0,1068440004#1,8
300.0,1068440006#0,6
300.0,1239087513,1
300.0,1334904386#0,1
300.0,182334378#0,1
300.0,182334379#0,5
300.0,182336886,1
300.0,196961215#0,22
300.0,196961215#2,3
300.0,196961377#0,27
300.0,196961377#3,11
300.0,232003903#0,4
300.0,241518668#0,6
300.0,244450512#0,1
300.0,244450512#4,2
300.0,244450512#5,2
300.0,268564473#0,4
300.0,288135626#0,15
300.0,288135628#0,2
300.0,288878926#0,2
300.0,30620492#0,5
300.0,30620492#1,2
300.0,353392316#0,10
300.0,48794887#0,10
300.0,49073272#0,1
300.0,49073272#3,1
300.0,49695726,3
300.0,49695733#2,2
300.0,49695736#0,12
300.0,506322840#0,3
300.0,506322841#1,4
300.0,506322851#0,6
300.0,506322853#0,3
300.0,51362429#0,9
300.0,51362431,10
300.0,51392936#0,1
300.0,593842812#0,1
300.0,593842812#2,3
300.0,593844221#0,1
300.0,593847702#0,5
300.0,593847704#0,4
300.0,593849711#0,3
300.0,593849711#2,18
300.0,593852345#0,7
300.0,593852346,2
300.0,594658762#0,1
300.0,:11510670762_0,1
300.0,:2444664370_0,1
300.0,:2749340167_0,1
300.0,:3208478121_1,2
300.0,:3208478128_0,2
300.0,:619137000_1,1
300.0,:631668826_0,1
300.0,:655375233_5,1
300.0,:655375245_1,1
300.0,:655375336_29,4
300.0,:655375336_48,1
300.0,:cluster_2528018119_655375236_2,3
300.0,:cluster_3208478133_655375293_655375296_9631728504_#1more_1,4
300.0,:cluster_4374470814_4374470816_656132411_656132475_6,1
300.0,:cluster_5372642442_631668976_631668981_631669076_1,1
300.0,:cluster_5372642442_631668976_631668981_631669076_12,1
300.0,:cluster_623980090_623980094_1,2
300.0,:cluster_623980147_623980152_14,1
300.0,:cluster_623980147_623980152_6,1
300.0,:cluster_655375246_655375489_3,2
300.0,:cluster_9383263990_9383263991_9383263992_9383263993_10,2
300.0,:cluster_9383263990_9383263991_9383263992_9383263993_21,1
300.0,E0,15
320.0,-1334905223#2,2
320.0,-49695726,3
320.0,-51362430,5
320.0,-545977624#2,3
320.0,-593847704#2,21
320.0,-594658757#2,9
320.0,-E0,2
320.0,1068234498#0,6
320.0,1068234499#0,10
320.0,1068440001,5
320.0,1068440004#1,6
320.0,1068440006#0,5
320.0,1239087513,1
320.0,182334378#0,1
320.0,182334379#0,4
320.0,182336886,1
320.0,196961215#0,18
320.0,196961215#2,2
320.0,196961377#0,27
320.0,196961377#3,11
320.0,232003903#0,4
320.0,241518668#0,4
320.0,244450512#0,1
320.0,244450512#4,2
320.0,244450512#5,2
320.0,268564473#0,4
320.0,288135626#0,16
320.0,288135628#0,1
320.0,288878926#0,4
320.0,303647015#0,2
320.0,30620492#1,2
320.0,336063376#0,3
320.0,353392316#0,9
320.0,48794887#0,8
320.0,49073272#3,1
320.0,49073272#4,3
320.0,49695726,2
320.0,49695736#0,17
320.0,506322840#0,2
320.0,506322841#1,3
320.0,506322851#0,2
320.0,506322853#0,3
320.0,51362429#0,9
320.0,51362431,9
320.0,593842812#0,1
320.0,593842812#2,6
320.0,593844221#0,2
320.0,593847704#0,2
320.0,593849711#0,2
320.0,593849711#2,19
320.0,593852345#0,6
320.0,594658757#0,1
320.0,:11510670762_0,1
320.0,:2444664370_0,1
320.0,:3208478121_1,1
320.0,:3208478128_0,2
320.0,:622618108_0,1
320.0,:622618108_6,1
320.0,:631668826_0,1
320.0,:655375233_9,2
320.0,:655375245_1,1
320.0,:655375336_1,1
320.0,:655375336_29,1
320.0,:656132498_0,1
320.0,:cluster_2528018119_655375236_16,3
320.0,:cluster_2528018119_655375236_6,1
320.0,:cluster_2528018119_655375236_7,1
320.0,:cluster_3208478133_655375293_655375296_9631728504_#1more_1,3
320.0,:cluster_3431431575_4777363357_655375231_6982059025_3,1
320.0,:cluster_4374470814_4374470816_656132411_656132475_6,1
320.0,:cluster_5372642442_631668976_631668981_631669076_10,1
320.0,:cluster_623980090_623980094_5,1
320.0,:cluster_623980147_623980152_14,1
320.0,:cluster_623980147_623980152_6,1
320.0,:cluster_623980147_623980152_9,1
320.0,:cluster_9383263990_9383263991_9383263992_9383263993_10,2
320.0,:cluster_9383263990_9383263991_9383263992_9383263993_21,1
320.0,E0,15
340.0,-49695726,3
340.0,-51362430,5
340.0,-593847703#3,4
340.0,-593847704#2,19
340.0,-593847705,1
340.0,-594658757#2,11
340.0,-E0,2
340.0,1068234498#0,6
340.0,1068234499#0,5
340.0,1068440001,3
340.0,1068440006#0,3
340.0,1334904386#0,1
340.0,182334378#0,6
340.0,182334379#0,25
340.0,182336887#2,1
340.0,196961215#0,15
340.0,196961215#2,1
340.0,196961377#0,27
340.0,196961377#3,5
340.0,196961378#1,3
340.0,232003903#0,4
340.0,244450512#4,2
340.0,244450512#5,2
340.0,268564473#0,1
340.0,288135626#0,12
340.0,288135628#0,3
340.0,288878926#0,7
340.0,288878927,2
340.0,353392316#0,1
340.0,48794887#0,9
340.0,49073272#4,5
340.0,49695726,2
340.0,506322841#1,2
340.0,506322853#0,3
340.0,51362429#0,9
340.0,51362431,9
340.0,593842812#2,12
340.0,593844221#0,3
340.0,593847702#0,2
340.0,593847704#0,1
340.0,593849711#0,2
340.0,593849711#2,19
340.0,593849718#0,3
340.0,:11510670762_0,1
340.0,:2081945236_0,1
340.0,:2444664370_0,1
340.0,:2749340167_2,1
340.0,:3086736518_7,2
340.0,:3208478128_0,2
340.0,:622618108_0,1
340.0,:622618197_0,1
340.0,:622618230_6,1
340.0,:631668826_0,1
340.0,:655375233_11,1
340.0,:cluster_2528018119_655375236_23,1
340.0,:cluster_2528018119_655375236_6,1
340.0,:cluster_2664674491_655375287_655375288_3,2
340.0,:cluster_3208478133_655375293_655375296_9631728504_#1more_1,3
340.0,:cluster_3208478133_655375293_655375296_9631728504_#1more_8,2
340.0,:cluster_5372642442_631668976_631668981_631669076_10,1
340.0,:cluster_5372642442_631668976_631668981_631669076_25,1
340.0,:cluster_623980090_623980094_1,2
340.0,:cluster_623980147_623980152_3,1
340.0,E0,15
360.0,-49695726,3
360.0,-593847703#3,11
360.0,-593847704#2,18
360.0,-593847705,1
360.0,-594658757#2,10
360.0,-E0,2
360.0,1068234498#0,4
360.0,1068234499#0,5
360.0,1068440001,5
360.0,1068440006#0,3
360.0,1334904386#0,2
360.0,182334378#0,7
360.0,182334379#0,13
360.0,182336887#2,1
360.0,196961215#0,9
360.0,196961215#2,3
360.0,196961377#0,27
360.0,232003903#0,4
360.0,241518668#0,2
360.0,244450512#4,4
360.0,244450512#5,2
360.0,288135626#0,5
360.0,288878926#0,1
360.0,303647015#0,1
360.0,30620492#1,1
360.0,353392316#0,4
360.0,48794887#0,8
360.0,49695726,2
360.0,506322841#1,3
360.0,506322853#0,3
360.0,51362429#0,9
360.0,51362431,9
360.0,593842812#2,12
360.0,593844221#0,3
360.0,593849711#0,3
360.0,593849711#2,19
360.0,593849718#0,2
360.0,:11510670762_0,1
360.0,:2081945236_2,1
360.0,:2444664370_0,1
360.0,:3086736518_7,2
360.0,:3208478128_0,2
360.0,:622618108_8,1
360.0,:622618230_6,1
360.0,:655375233_0,1
360.0,:655375233_11,1
360.0,:cluster_2528018119_655375236_6,1
360.0,:cluster_3208478133_655375293_655375296_9631728504_#1more_1,3
360.0,:cluster_3208478133_655375293_655375296_9631728504_#1more_8,5
360.0,:cluster_5372642442_631668976_631668981_631669076_1,3
360.0,:cluster_5372642442_631668976_631668981_631669076_12,2
360.0,:cluster_619136929_619136942_8,1
360.0,:cluster_623980090_623980094_1,1
360.0,:cluster_623980147_623980152_14,1
360.0,:cluster_623980147_623980152_6,1
360.0,E0,14
380.0,-593847703#3,17
380.0,-593847704#2,19
380.0,-593847705,1
380.0,-594658757#2,10
380.0,-E0,2
380.0,1068234499#0,7
380.0,1068440001,5
380.0,1068440006#0,3
380.0,182334378#0,7
380.0,182336887#2,1
380.0,196961215#0,3
380.0,196961215#2,3
380.0,196961377#0,18
380.0,196961377#3,8
380.0,198001764#0,1
380.0,232003903#0,4
380.0,244450512#4,4
380.0,244450512#5,2
380.0,288135626#0,4
380.0,288878926#0,3
380.0,30620492#1,1
380.0,336063376#0,3
380.0,353392316#0,4
380.0,48794887#0,9
380.0,49695726,1
380.0,506322841#1,2
380.0,506322853#0,3
380.0,51362429#0,9
380.0,51362431,9
380.0,593842812#2,12
380.0,593844221#0,3
380.0,593849711#0,2
380.0,593849711#2,19
380.0,:11510670762_0,1
380.0,:2444664370_0,1
380.0,:3086736518_7,2
380.0,:3208478128_0,2
380.0,:619136999_2,1
380.0,:622618230_0,1
380.0,:655375233_0,1
380.0,:655375233_11,1
380.0,:cluster_3208478133_655375293_655375296_9631728504_#1more_1,3
380.0,:cluster_3208478133_655375293_655375296_9631728504_#1more_8,5
380.0,:cluster_3431431575_4777363357_655375231_6982059025_12,1
380.0,:cluster_5372642442_631668976_631668981_631669076_10,1
380.0,:cluster_623980090_623980094_1,1
380.0,:cluster_623980147_623980152_14,1
380.0,:cluster_655375246_655375489_3,2
380.0,E0,14
400.0,-593847703#3,17
400.0,-593847704#2,19
400.0,-594658757#2,12
400.0,-E0,1
400.0,1068234499#0,9
400.0,1068440001,5
400.0,1068440006#0,3
400.0,182334378#0,7
400.0,182336886,1
400.0,196961215#0,1
400.0,196961215#2,2
400.0,196961377#0,19
400.0,196961377#3,11
400.0,232003903#0,4
400.0,244450512#4,4
400.0,244450512#5,2
400.0,288135626#0,2
400.0,288135628#0,2
400.0,288878926#0,2
400.0,30620492#1,1
400.0,48794887#0,10
400.0,506322841#1,2
400.0,506322853#0,3
400.0,51362429#0,7
400.0,51362431,9
400.0,593842812#2,12
400.0,593844221#0,3
400.0,593847704#0,1
400.0,593849711#0,2
400.0,593849711#2,19
400.0,:11510670762_0,1
400.0,:1926948273_0,1
400.0,:2444664370_0,1
400.0,:3086736518_0,1
400.0,:3086736518_14,1
400.0,:3086736518_7,2
400.0,:3086736518_9,1
400.0,:3208478128_0,2
400.0,:655375232_1,1
400.0,:655375233_0,1
400.0,:cluster_3208478133_655375293_655375296_9631728504_#1more_1,3
400.0,:cluster_3208478133_655375293_655375296_9631728504_#1more_8,5
400.0,:cluster_5372642442_631668976_631668981_631669076_25,1
400.0,:cluster_623980090_623980094_1,1
400.0,:cluster_623980147_623980152_14,1
400.0,E0,12
420.0,-593847703#3,18
420.0,-593847704#2,19
420.0,-594658757#2,12
420.0,-E0,1
420.0,1068234499#0,8
420.0,1068440001,5
420.0,1068440004#1,2
420.0,1068440006#0,5
420.0,182334378#0,4
420.0,182336887#0,1
420.0,196961377#0,25
420.0,196961377#3,9
420.0,198001764#0,1
420.0,232003903#0,4
420.0,244450512#4,4
420.0,244450512#5,2
420.0,288135626#0,1
420.0,288878926#0,4
420.0,30620492#1,1
420.0,48794887#0,8
420.0,506322841#1,2
420.0,506322853#0,3
420.0,51362429#0,3
420.0,51362431,9
420.0,593842812#2,12
420.0,593844221#0,3
420.0,593847703#0,3
420.0,593847704#0,1
420.0,593849711#0,3
420.0,593849711#2,19
420.0,593849718#0,2
420.0,:11510670762_0,1
420.0,:2081945236_2,1
420.0,:2444664370_0,2
420.0,:3086736518_0,1
420.0,:3208478128_0,2
420.0,:622618230_0,1
420.0,:655375232_1,1
420.0,:655375336_39,1
420.0,:cluster_3208478133_655375293_655375296_9631728504_#1more_1,3
420.0,:cluster_3208478133_655375293_655375296_9631728504_#1more_11,1
420.0,:cluster_3208478133_655375293_655375296_9631728504_#1more_8,5
420.0,E0,18
440.0,-593847703#3,18
440.0,-593847704#2,19
440.0,-594658757#2,12
440.0,-E0,3
440.0,1068234499#0,9
440.0,1068440001,5
440.0,1068440004#1,5
440.0,1068440006#0,5
440.0,182334379#0,3
440.0,182336887#0,2
440.0,196961377#0,27
440.0,196961377#3,2
440.0,198001764#0,1
440.0,232003903#0,3
440.0,244450512#4,4
440.0,244450512#5,2
440.0,288135626#0,1
440.0,48794887#0,3
440.0,506322841#1,2
440.0,506322853#0,3
440.0,51362429#0,3
440.0,51362431,9
440.0,593842812#2,12
440.0,593844221#0,2
440.0,593849711#0,2
440.0,593849711#2,17
440.0,593849718#0,3
440.0,:11510670762_0,1
440.0,:2444664370_0,1
440.0,:2749340167_2,1
440.0,:3086736518_1,1
440.0,:3208478128_0,2
440.0,:655375232_6,1
440.0,:655375336_29,2
440.0,:cluster_3208478133_655375293_655375296_9631728504_#1more_1,2
440.0,:cluster_3208478133_655375293_655375296_9631728504_#1more_11,1
440.0,:cluster_3208478133_655375293_655375296_9631728504_#1more_14,1
440.0,:cluster_3208478133_655375293_655375296_9631728504_#1more_8,5
440.0,E0,20
460.0,-593847703#3,18
460.0,-593847704#2,19
460.0,-594658757#2,15
460.0,-E0,3
460.0,1068234499#0,9
460.0,1068440001,4
460.0,1068440004#1,5
460.0,1068440006#0,5
460.0,1239087513,1
460.0,182334379#0,6
460.0,182336887#0,2
460.0,196961377#0,25
460.0,196961377#3,2
460.0,198001764#0,1
460.0,232003903#0,4
460.0,244450512#4,4
460.0,244450512#5,2
460.0,288135626#0,1
460.0,30620492#1,1
460.0,49695736#0,1
460.0,506322841#1,2
460.0,506322853#0,3
460.0,51362429#0,3
460.0,51362431,9
460.0,593842812#2,12
460.0,593844216#0,1
460.0,593844221#0,1
460.0,593847703#0,9
460.0,593849711#0,1
460.0,593849711#2,9
460.0,:11510670762_0,1
460.0,:2081945236_0,1
460.0,:2444664370_0,1
460.0,:3208478128_0,2
460.0,:655375232_6,1
460.0,:655375233_0,1
460.0,:655375336_48,1
460.0,:cluster_3208478133_655375293_655375296_9631728504_#1more_14,1
460.0,:cluster_3208478133_655375293_655375296_9631728504_#1more_8,1
460.0,E0,20
480.0,-593847703#3,18
480.0,-593847704#2,19
480.0,-594658757#2,15
480.0,-E0,4
480.0,1068234499#0,9
480.0,1068440001,4
480.0,1068440004#1,5
480.0,1068440006#0,5
480.0,1239087513,1
480.0,1334904386#0,1
480.0,182334379#0,2
480.0,182336887#0,1
480.0,182336887#2,1
480.0,196961377#0,16
480.0,196961377#3,11
480.0,232003903#0,4
480.0,244450512#4,3
480.0,244450512#5,2
480.0,288135626#0,1
480.0,288135628#0,2
480.0,49695736#0,5
480.0,506322841#1,3
480.0,506322853#0,3
480.0,51289045#5,1
480.0,51362429#0,3
480.0,51362431,9
480.0,545977624#0,1
480.0,593842812#2,1
480.0,593844221#0,1
480.0,593847703#0,14
480.0,593849711#2,4
480.0,:11510670762_0,1
480.0,:1926948273_2,1
480.0,:2444664370_0,1
480.0,:2749340167_2,1
480.0,:3208478128_0,2
480.0,:655375336_29,4
480.0,:cluster_2528018119_655375236_2,2
480.0,:cluster_3208478133_655375293_655375296_9631728504_#1more_1,1
480.0,E0,20
500.0,-593847703#3,12
500.0,-593847704#2,19
500.0,-594658757#2,15
500.0,-E0,4
500.0,1068234499#0,9
500.0,1068440001,4
500.0,1068440004#1,5
500.0,1068440006#0,4
500.0,1239087513,1
500.0,1334904386#0,1
500.0,182334379#0,8
500.0,182336886,1
500.0,182336887#0,1
500.0,196961377#0,21
500.0,196961377#3,11
500.0,232003903#0,4
500.0,244450512#4,3
500.0,244450512#5,2
500.0,288135626#0,1
500.0,30620492#1,1
500.0,49695736#0,10
500.0,506322841#1,2
500.0,506322853#0,2
500.0,51362429#0,3
500.0,51362431,9
500.0,593844221#0,1
500.0,593847702#0,3
500.0,593847703#0,6
500.0,593847704#0,1
500.0,593849711#2,4
500.0,668037874,1
500.0,:11510670762_0,1
500.0,:1926948273_0,1
500.0,:2444664370_0,1
500.0,:3208478128_0,2
500.0,:655375233_14,1
500.0,:655375233_4,1
500.0,:655375336_1,1
500.0,:655375336_48,1
500.0,:cluster_2528018119_655375236_2,3
500.0,E0,20
520.0,-593847703#3,2
520.0,-593847704#2,19
520.0,-594658757#2,19
520.0,-E0,4
520.0,1068234499#0,9
520.0,1068440001,4
520.0,1068440004#1,5
520.0,1334904386#0,2
520.0,182334379#0,5
520.0,182336887#0,1
520.0,196961377#0,25
520.0,196961377#3,6
520.0,198001764#0,2
520.0,232003903#0,4
520.0,244450512#4,3
520.0,244450512#5,2
520.0,288135626#0,1
520.0,288135628#0,9
520.0,30620492#1,1
520.0,49695736#0,11
520.0,506322841#1,2
520.0,506322853#0,2
520.0,51362429#0,3
520.0,51362431,9
520.0,593844221#0,1
520.0,593847702#0,6
520.0,593849711#2,4
520.0,593849718#0,3
520.0,668037874,1
520.0,:11510670762_0,1
520.0,:2444664370_0,1
520.0,:3086736518_9,1
520.0,:3208478128_0,2
520.0,:619136999_2,1
520.0,:655375233_5,1
520.0,:cluster_2528018119_655375236_2,2
520.0,:cluster_2528018119_655375236_22,1
520.0,:cluster_3208478133_655375293_655375296_9631728504_#1more_8,1
520.0,E0,20
540.0,-593847704#2,19
540.0,-594658757#2,19
540.0,-E0,4
540.0,1068234499#0,8
540.0,1068440004#1,3
540.0,182334379#0,6
540.0,182336886,1
540.0,182336887#0,1
540.0,196961377#0,17
540.0,196961377#3,7
540.0,232003903#0,4
540.0,244450512#4,3
540.0,244450512#5,2
540.0,288135626#0,1
540.0,30620492#1,1
540.0,49695736#0,8
540.0,506322841#1,2
540.0,506322853#0,2
540.0,51362429#0,3
540.0,51362431,9
540.0,593844221#0,2
540.0,593847704#0,1
540.0,593849711#2,4
540.0,593849718#0,2
540.0,668037874,1
540.0,:1926948273_0,1
540.0,:2444664370_0,1
540.0,:3208478128_0,2
540.0,:619136999_2,1
540.0,:622618108_6,1
540.0,:622618197_6,1
540.0,:655375233_11,1
540.0,:655375233_9,1
540.0,:cluster_2528018119_655375236_16,3
540.0,:cluster_2528018119_655375236_6,1
540.0,:cluster_3208478133_655375293_655375296_9631728504_#1more_8,5
540.0,:cluster_655375246_655375489_3,2
540.0,E0,20
560.0,-593847703#3,6
560.0,-593847704#2,18
560.0,-593847705,1
560.0,-594658757#2,19
560.0,-E0,4
560.0,1068234499#0,3
560.0,182334378#0,1
560.0,182334379#0,5
560.0,182336886,1
560.0,182336887#2,2
560.0,196961377#0,15
560.0,196961377#3,7
560.0,232003903#0,4
560.0,244450512#4,3
560.0,244450512#5,2
560.0,288135628#0,6
560.0,303647015#0,1
560.0,30620492#1,1
560.0,506322841#1,2
560.0,506322853#0,2
560.0,51362429#0,3
560.0,51362431,9
560.0,593844221#0,2
560.0,593847704#0,2
560.0,593849711#2,4
560.0,593849718#0,3
560.0,668037874,1
560.0,:3086736518_7,1
560.0,:3139322031_0,1
560.0,:3208478128_0,2
560.0,:619136999_2,2
560.0,:655375233_11,1
560.0,:cluster_2528018119_655375236_6,1
560.0,:cluster_3208478133_655375293_655375296_9631728504_#1more_8,5
560.0,E0,20
580.0,-593847703#3,10
580.0,-593847704#2,17
580.0,-593847705,1
580.0,-594658757#2,19
580.0,-E0,5
580.0,1334904386#0,1
580.0,182336886,1
580.0,182336887#0,1
580.0,182336887#2,1
580.0,196961377#0,20
580.0,196961377#3,10
580.0,232003903#0,4
580.0,244450512#4,3
580.0,244450512#5,2
580.0,49695736#0,2
580.0,506322841#1,2
580.0,506322853#0,2
580.0,51362429#0,3
580.0,51362431,9
580.0,593844221#0,1
580.0,593849711#2,4
580.0,668037874,1
580.0,:2081945236_0,1
580.0,:3086736518_7,1
580.0,:3208478128_0,2
580.0,:655375233_0,1
580.0,:655375233_11,1
580.0,:cluster_3208478133_655375293_655375296_9631728504_#1more_8,3
580.0,E0,20
600.0,-593847703#3,10
600.0,-593847704#2,17
600.0,-593847705,1
600.0,-594658757#2,21
600.0,-E0,5
600.0,1334904386#0,3
600.0,182336887#0,2
600.0,196961377#0,26
600.0,196961377#3,11
600.0,198001764#0,1
600.0,232003903#0,4
600.0,244450512#4,3
600.0,244450512#5,2
600.0,30620492#1,1
600.0,49695736#0,2
600.0,506322841#1,2
600.0,506322853#0,2
600.0,51362429#0,3
600.0,51362431,9
600.0,593849711#2,4
600.0,668037874,1
600.0,:3086736518_7,1
600.0,:3208478128_0,2
600.0,:655375233_0,1
600.0,:655375233_11,1
600.0,E0,20
620.0,-593847703#3,10
620.0,-593847704#2,17
620.0,-593847705,1
620.0,-594658757#2,21
620.0,-E0,4
620.0,182334379#0,2
620.0,182336887#0,2
620.0,182336887#2,1
620.0,196961377#0,26
620.0,196961377#3,8
620.0,232003903#0,4
620.0,244450512#5,1
620.0,303647015#0,1
620.0,30620492#1,1
620.0,506322841#1,2
620.0,506322853#0,2
620.0,51362429#0,3
620.0,51362431,8
620.0,593849711#2,4
620.0,593849718#0,2
620.0,594658760#0,1
620.0,668037874,1
620.0,:2081945236_0,1
620.0,:3086736518_14,1
620.0,:3086736518_7,1
620.0,:3208478128_0,1
620.0,:622618197_0,1
620.0,:655375233_0,1
620.0,:655375233_11,1
620.0,:cluster_3208478133_655375293_655375296_9631728504_#1more_15,1
620.0,:cluster_655375246_655375489_3,2
620.0,E0,20
640.0,-593847703#3,10
640.0,-593847704#2,17
640.0,-593847705,1
640.0,-594658757#2,21
640.0,-E0,4
640.0,182336886,1
640.0,182336887#0,2
640.0,196961377#0,23
640.0,196961377#3,4
640.0,232003903#0,4
640.0,30620492#1,1
640.0,506322841#1,2
640.0,506322853#0,2
640.0,51362429#0,3
640.0,51362431,8
640.0,593849711#2,4
640.0,593849718#0,3
640.0,668037874,1
640.0,:1926948273_0,1
640.0,:2081945236_1,1
640.0,:3086736518_14,1
640.0,:3086736518_7,1
640.0,:619136999_2,1
640.0,:622618197_0,1
640.0,:655375233_0,1
640.0,:655375233_11,1
640.0,E0,20
660.0,-593847703#3,10
660.0,-593847704#2,17
660.0,-594658757#2,21
660.0,-E0,4
660.0,182336887#0,1
660.0,182336887#2,1
660.0,196961377#0,14
660.0,196961377#3,7
660.0,198001764#0,1
660.0,232003903#0,4
660.0,30620492#1,1
660.0,506322841#1,2
660.0,506322853#0,2
660.0,51362429#0,3
660.0,51362431,8
660.0,593847703#0,2
660.0,593847704#0,3
660.0,593849711#2,3
660.0,593849718#0,3
660.0,668037874,1
660.0,:619136999_2,1
660.0,:655375232_6,1
660.0,E0,20
680.0,-593847703#3,10
680.0,-593847704#2,17
680.0,-594658757#2,20
680.0,-E0,4
680.0,182334379#0,1
680.0,182336887#0,1
680.0,182336887#2,1
680.0,196961377#0,14
680.0,196961377#3,11
680.0,198001764#0,1
680.0,232003903#0,4
680.0,303647015#0,1
680.0,506322841#1,2
680.0,506322853#0,2
680.0,51289045#1,1
680.0,51289045#3,2
680.0,51289045#5,1
680.0,51362429#0,3
680.0,51362431,8
680.0,593844216#0,2
680.0,593847703#0,5
680.0,668037874,1
680.0,:2749340167_2,1
680.0,E0,20
700.0,-593847703#3,1
700.0,-593847704#2,17
700.0,-594658757#2,20
700.0,-E0,4
700.0,1334904386#0,1
700.0,182336887#0,1
700.0,182336887#2,1
700.0,196961377#0,20
700.0,196961377#3,11
700.0,198001764#0,1
700.0,232003903#0,4
700.0,288135628#0,1
700.0,30620492#1,1
700.0,506322841#1,2
700.0,506322853#0,2
700.0,51362429#0,3
700.0,51362431,8
700.0,545977624#0,2
700.0,593847702#0,3
700.0,593847703#0,3
700.0,593847704#0,3
700.0,668037874,1
700.0,:2081945236_2,1
700.0,:3086736518_9,1
700.0,:655375233_14,1
700.0,:655375233_4,1
700.0,:cluster_2528018119_655375236_2,2
700.0,E0,19
720.0,-593847704#2,17
720.0,-594658757#2,20
720.0,-E0,4
720.0,1334904386#0,1
720.0,182334379#0,5
720.0,182336887#2,1
720.0,196961377#0,27
720.0,196961377#3,11
720.0,198001764#0,2
720.0,232003903#0,4
720.0,30620492#1,1
720.0,506322841#1,2
720.0,506322853#0,2
720.0,51362429#0,3
720.0,51362431,8
720.0,593847704#0,1
720.0,668037874,1
720.0,E0,19
740.0,-593847704#2,10
740.0,-594658757#2,20
740.0,-E0,4
740.0,1334904386#0,1
740.0,182336886,1
740.0,182336887#2,1
740.0,196961377#0,27
740.0,196961377#3,5
740.0,232003903#0,4
740.0,288135628#0,3
740.0,30620492#1,1
740.0,506322841#1,2
740.0,506322853#0,2
740.0,51362429#0,2
740.0,51362431,8
740.0,593847701,1
740.0,593847703#0,5
740.0,593849718#0,4
740.0,668037874,1
740.0,:1926948273_0,1
740.0,:3086736518_7,1
740.0,:655375233_0,1
740.0,E0,19
760.0,-594658757#2,20
760.0,-E0,4
760.0,1334904386#0,1
760.0,182334379#0,5
760.0,196961377#0,20
760.0,196961377#3,6
760.0,232003903#0,4
760.0,30620492#1,1
760.0,506322841#1,2
760.0,506322853#0,2
760.0,51289045#3,2
760.0,51362429#0,2
760.0,51362431,8
760.0,593844216#0,1
760.0,593847701,1
760.0,593847703#0,9
760.0,593849718#0,2
760.0,668037874,1
760.0,:1926948273_0,1
760.0,:2081945236_0,1
760.0,:2749340167_2,1
760.0,:655375233_0,1
760.0,:cluster_2528018119_655375236_2,2
760.0,:cluster_3208478133_655375293_655375296_9631728504_#1more_14,1
760.0,:cluster_3208478133_655375293_655375296_9631728504_#1more_25,1
760.0,E0,19
780.0,-260882327,1
780.0,-594658757#2,20
780.0,182334379#0,5
780.0,182336887#2,1
780.0,196961377#0,16
780.0,196961377#3,11
780.0,198001764#0,1
780.0,232003903#0,4
780.0,288135628#0,2
780.0,303647015#0,1
780.0,30620492#1,1
780.0,506322841#1,2
780.0,506322853#0,2
780.0,51362429#0,2
780.0,51362431,8
780.0,593847703#0,2
780.0,593847704#0,2
780.0,668037874,1
780.0,:3086736518_14,1
780.0,:6251747844_1,1
780.0,:655375233_0,1
780.0,:cluster_2528018119_655375236_2,3
780.0,:cluster_5372642442_631668976_631668981_631669076_1,2
780.0,E0,20
800.0,-594658757#2,20
800.0,1068440006#0,1
800.0,182334379#0,8
800.0,182336887#0,1
800.0,196961377#0,23
800.0,196961377#3,11
800.0,232003903#0,4
800.0,30620492#1,1
800.0,506322841#1,2
800.0,506322841#3,1
800.0,506322853#0,1
800.0,51362429#0,1
800.0,51362431,8
800.0,593847703#0,1
800.0,668037874,1
800.0,:1926948273_0,1
800.0,E0,20
820.0,-594658757#2,20
820.0,1068440006#0,1
820.0,182336887#0,2
820.0,182336887#2,1
820.0,196961377#0,27
820.0,196961377#3,8
820.0,232003903#0,3
820.0,288135628#0,7
820.0,30620492#1,1
820.0,506322841#1,2
820.0,506322841#3,1
820.0,506322853#0,1
820.0,51362429#0,1
820.0,51362431,8
820.0,593849718#0,2
820.0,668037874,1
820.0,:2081945236_2,1
820.0,:622618197_6,1
820.0,:cluster_2528018119_655375236_2,1
820.0,:cluster_3208478133_655375293_655375296_9631728504_#1more_11,1
820.0,:cluster_3208478133_655375293_655375296_9631728504_#1more_14,1
820.0,:cluster_5372642442_631668976_631668981_631669076_1,1
820.0,E0,20
840.0,-594658757#2,20
840.0,1068440006#0,1
840.0,182334379#0,1
840.0,182336887#0,2
840.0,182336887#2,1
840.0,196961377#0,27
840.0,196961377#3,1
840.0,232003903#0,1
840.0,506322853#0,1
840.0,51289045#3,1
840.0,51289045#5,1
840.0,51362429#0,1
840.0,51362431,8
840.0,545977624#0,1
840.0,593849718#0,2
840.0,668037874,1
840.0,:1926948273_2,1
840.0,:2749340167_2,1
840.0,:622618197_6,1
840.0,:6251747844_1,1
840.0,:656132499_1,1
840.0,:cluster_4374470814_4374470816_656132411_656132475_4,2
840.0,E0,20
860.0,-594658757#2,21
860.0,196961377#0,18
860.0,196961377#3,9
860.0,232003903#0,1
860.0,506322853#0,1
860.0,51362429#0,1
860.0,51362431,8
860.0,668037874,1
860.0,E0,20
880.0,-594658757#2,21
880.0,196961377#0,19
880.0,196961377#3,11
880.0,232003903#0,1
880.0,506322853#0,1
880.0,51362429#0,1
880.0,51362431,8
880.0,668037874,1
880.0,E0,20
900.0,-594658757#2,21
900.0,196961377#0,25
900.0,196961377#3,11
900.0,232003903#0,4
900.0,506322853#0,1
900.0,51362429#0,1
900.0,51362431,8
900.0,593844216#0,2
900.0,668037874,1
900.0,:cluster_3208478133_655375293_655375296_9631728504_#1more_14,1
900.0,E0,20
920.0,-594658757#2,21
920.0,196961377#0,27
920.0,196961377#3,4
920.0,232003903#0,4
920.0,506322853#0,1
920.0,51289045#5,1
920.0,51362429#0,1
920.0,51362431,8
920.0,545977624#0,2
920.0,593849718#0,2
920.0,668037874,1
920.0,:622618197_6,1
920.0,E0,20
940.0,-594658757#2,21
940.0,196961377#0,24
940.0,196961377#3,2
940.0,232003903#0,4
940.0,506322853#0,1
940.0,51362429#0,1
940.0,51362431,7
940.0,593849718#0,1
940.0,668037874,1
940.0,:619136999_2,1
940.0,E0,20
960.0,-594658757#2,21
960.0,196961377#0,16
960.0,196961377#3,11
960.0,232003903#0,4
960.0,506322853#0,1
960.0,51362429#0,1
960.0,51362431,7
960.0,668037874,1
960.0,E0,20
980.0,-594658757#2,20
980.0,196961377#0,17
980.0,196961377#3,11
980.0,303647015#0,1
980.0,506322853#0,1
980.0,51289045#3,2
980.0,51289045#5,1
980.0,51362429#0,1
980.0,51362431,7
980.0,593844216#0,3
980.0,668037874,1
980.0,E0,20
1000.0,-594658757#2,20
1000.0,196961377#0,17
1000.0,196961377#3,7
1000.0,506322853#0,1
1000.0,51362429#0,1
1000.0,51362431,7
1000.0,593844216#0,1
1000.0,593849718#0,3
1000.0,668037874,1
1000.0,:622618197_0,1
1000.0,E0,20
1020.0,-594658757#2,20
1020.0,1334904386#0,1
1020.0,196961377#0,17
1020.0,196961377#3,1
1020.0,506322853#0,1
1020.0,51362429#0,1
1020.0,51362431,7
1020.0,593849718#0,3
1020.0,668037874,1
1020.0,:655375336_6,1
1020.0,E0,18
1040.0,-594658757#2,24
1040.0,1334904386#0,1
1040.0,196961377#0,11
1040.0,196961377#3,5
1040.0,506322853#0,1
1040.0,51362431,7
1040.0,668037874,1
1040.0,:619136999_2,1
1040.0,E0,16
1060.0,-594658757#2,24
1060.0,1334904386#0,1
1060.0,196961377#0,6
1060.0,196961377#3,11
1060.0,506322853#0,1
1060.0,51362431,7
1060.0,668037874,1
1060.0,E0,16
1080.0,-594658757#2,24
1080.0,1334904386#0,1
1080.0,196961377#0,6
1080.0,196961377#3,11
1080.0,506322853#0,1
1080.0,51362431,7
1080.0,668037874,1
1080.0,E0,16
1100.0,-594658757#2,24
1100.0,196961377#0,5
1100.0,196961377#3,5
1100.0,303647015#0,1
1100.0,506322853#0,1
1100.0,51362431,7
1100.0,593849718#0,3
1100.0,668037874,1
1100.0,E0,16
1120.0,-594658757#2,24
1120.0,196961377#0,6
1120.0,51362431,7
1120.0,593849718#0,1
1120.0,668037874,1
1120.0,E0,16
1140.0,-594658757#2,24
1140.0,196961377#3,6
1140.0,51362431,7
1140.0,668037874,1
1140.0,E0,16
1160.0,-594658757#2,24
1160.0,196961377#3,6
1160.0,51362431,7
1160.0,668037874,1
1160.0,E0,16
1180.0,-594658757#2,24
1180.0,196961377#3,3
1180.0,51362431,7
1180.0,593849718#0,3
1180.0,668037874,1
1180.0,E0,16
1200.0,-594658757#2,24
1200.0,51362431,7
1200.0,668037874,1
1200.0,E0,16
1220.0,-594658757#2,24
1220.0,51362431,7
1220.0,668037874,1
1220.0,E0,16
1240.0,-594658757#2,24
1240.0,51362431,6
1240.0,594658757#0,1
1240.0,668037874,1
1240.0,E0,16
1260.0,-594658757#2,24
1260.0,51362431,6
1260.0,668037874,1
1260.0,E0,16
1280.0,-594658757#2,23
1280.0,303647015#0,1
1280.0,51362431,6
1280.0,668037874,1
1280.0,E0,16
1300.0,-594658757#2,23
1300.0,51362431,6
1300.0,668037874,1
1300.0,E0,16
1320.0,-594658757#2,23
1320.0,51362431,6
1320.0,668037874,1
1320.0,:655375336_6,1
1320.0,E0,15
1340.0,-594658757#2,24
1340.0,51362431,6
1340.0,668037874,1
1340.0,E0,15
1360.0,-594658757#2,24
1360.0,51362431,6
1360.0,668037874,1
1360.0,E0,15
1380.0,-594658757#2,24
1380.0,51362431,6
1380.0,668037874,1
1380.0,E0,15
1400.0,-594658757#2,24
1400.0,51362431,6
1400.0,668037874,1
1400.0,E0,15
1420.0,-594658757#2,24
1420.0,196961377#0,1
1420.0,51362431,6
1420.0,E0,15
1440.0,-594658757#2,24
1440.0,196961377#3,1
1440.0,51362431,6
1440.0,E0,15
1460.0,-594658757#2,24
1460.0,51362431,6
1460.0,:622618108_1,1
1460.0,E0,15
1480.0,-594658757#2,24
1480.0,51362431,6
1480.0,E0,15
1500.0,-594658757#2,24
1500.0,51362431,6
1500.0,E0,15
1520.0,-594658757#2,24
1520.0,51362431,6
1520.0,E0,15
1540.0,-594658757#2,24
1540.0,51362431,5
1540.0,594658760#0,1
1540.0,E0,15
1560.0,-594658757#2,24
1560.0,51362431,5
1560.0,E0,15
1580.0,-594658757#2,24
1580.0,51362431,5
1580.0,E0,15
1600.0,-594658757#2,23
1600.0,51362431,5
1600.0,E0,15
1620.0,-594658757#2,24
1620.0,51362431,5
1620.0,E0,14
1640.0,-594658757#2,24
1640.0,51362431,5
1640.0,E0,14
1660.0,-594658757#2,24
1660.0,51362431,5
1660.0,E0,14
1680.0,-594658757#2,24
1680.0,51362431,5
1680.0,E0,14
1700.0,-594658757#2,24
1700.0,51362431,5
1700.0,E0,14
1720.0,-594658757#2,24
1720.0,51362431,5
1720.0,E0,14
1740.0,-594658757#2,24
1740.0,51362431,5
1740.0,E0,14
1760.0,-594658757#2,24
1760.0,51362431,5
1760.0,E0,14
1780.0,-594658757#2,24
1780.0,51362431,5
1780.0,E0,14
1800.0,-594658757#2,24
1800.0,51362431,5
1800.0,E0,14
1820.0,-594658757#2,24
1820.0,51362431,5
1820.0,E0,14
1840.0,-594658757#2,24
1840.0,51362431,4
1840.0,594658757#0,1
1840.0,E0,14
1860.0,-594658757#2,24
1860.0,51362431,4
1860.0,E0,14
1880.0,-594658757#2,24
1880.0,51362431,4
1880.0,E0,14
1900.0,-594658757#2,23
1900.0,303647015#0,1
1900.0,51362431,4
1900.0,E0,14
1920.0,-594658757#2,24
1920.0,51362431,4
1920.0,E0,13
1940.0,-594658757#2,24
1940.0,51362431,4
1940.0,E0,13
1960.0,-594658757#2,24
1960.0,51362431,4
1960.0,E0,13
1980.0,-594658757#2,24
1980.0,51362431,4
1980.0,E0,13
2000.0,-594658757#2,24
2000.0,51362431,4
2000.0,E0,13
2020.0,-594658757#2,24
2020.0,51362431,4
2020.0,E0,13
2040.0,-594658757#2,24
2040.0,51362431,4
2040.0,E0,13
2060.0,-594658757#2,24
2060.0,51362431,4
2060.0,E0,13
2080.0,-594658757#2,24
2080.0,51362431,4
2080.0,E0,13
2100.0,-594658757#2,24
2100.0,51362431,4
2100.0,E0,13
2120.0,-594658757#2,24
2120.0,51362431,4
2120.0,E0,13
2140.0,-594658757#2,24
2140.0,51362431,4
2140.0,E0,13
2160.0,-594658757#2,24
2160.0,51362431,3
2160.0,E0,13
2180.0,-594658757#2,24
2180.0,51362431,3
2180.0,E0,13
2200.0,-594658757#2,23
2200.0,303647015#0,1
2200.0,51362431,3
2200.0,E0,13
2220.0,-594658757#2,23
2220.0,1334904386#0,1
2220.0,51362431,3
2220.0,E0,12
2240.0,-594658757#2,23
2240.0,303647015#0,1
2240.0,51362431,3
2240.0,E0,12
2260.0,-594658757#2,24
2260.0,51362431,3
2260.0,E0,11
2280.0,-594658757#2,24
2280.0,51362431,3
2280.0,E0,11
2300.0,-594658757#2,24
2300.0,51362431,3
2300.0,E0,11
2320.0,-594658757#2,24
2320.0,51362431,3
2320.0,E0,11
2340.0,-594658757#2,24
2340.0,51362431,3
2340.0,E0,11
2360.0,-594658757#2,24
2360.0,51362431,3
2360.0,E0,11
2380.0,-594658757#2,24
2380.0,51362431,3
2380.0,E0,11
2400.0,-594658757#2,24
2400.0,51362431,3
2400.0,E0,11
2420.0,-594658757#2,24
2420.0,51362431,3
2420.0,E0,11
2440.0,-594658757#2,24
2440.0,51362431,3
2440.0,E0,11
2460.0,-594658757#2,24
2460.0,51362431,2
2460.0,594658757#0,1
2460.0,E0,11
2480.0,-594658757#2,24
2480.0,51362431,2
2480.0,E0,11
2500.0,-594658757#2,23
2500.0,303647015#0,1
2500.0,51362431,2
2500.0,E0,11
2520.0,-594658757#2,23
2520.0,51362431,2
2520.0,E0,11
2540.0,-594658757#2,24
2540.0,51362431,2
2540.0,E0,10
2560.0,-594658757#2,24
2560.0,51362431,2
2560.0,E0,10
2580.0,-594658757#2,24
2580.0,51362431,2
2580.0,E0,10
2600.0,-594658757#2,24
2600.0,51362431,2
2600.0,E0,10
2620.0,-594658757#2,24
2620.0,51362431,2
2620.0,E0,10
2640.0,-594658757#2,24
2640.0,51362431,2
2640.0,E0,10
2660.0,-594658757#2,24
2660.0,51362431,2
2660.0,E0,10
2680.0,-594658757#2,24
2680.0,51362431,2
2680.0,E0,10
2700.0,-594658757#2,24
2700.0,51362431,2
2700.0,E0,10
2720.0,-594658757#2,24
2720.0,51362431,2
2720.0,E0,10
2740.0,-594658757#2,24
2740.0,51362431,2
2740.0,E0,10
2760.0,-594658757#2,24
2760.0,51362431,1
2760.0,594658757#0,1
2760.0,E0,10
2780.0,-594658757#2,24
2780.0,51362431,1
2780.0,E0,10
2800.0,-594658757#2,24
2800.0,51362431,1
2800.0,E0,10
2820.0,-594658757#2,23
2820.0,51362431,1
2820.0,E0,10
2840.0,-594658757#2,24
2840.0,51362431,1
2840.0,E0,9
2860.0,-594658757#2,24
2860.0,51362431,1
2860.0,E0,9
2880.0,-594658757#2,24
2880.0,51362431,1
2880.0,E0,9
2900.0,-594658757#2,24
2900.0,51362431,1
2900.0,E0,9
2920.0,-594658757#2,24
2920.0,51362431,1
2920.0,E0,9
2940.0,-594658757#2,24
2940.0,51362431,1
2940.0,E0,9
2960.0,-594658757#2,24
2960.0,51362431,1
2960.0,E0,9
2980.0,-594658757#2,24
2980.0,51362431,1
2980.0,E0,9
3000.0,-594658757#2,24
3000.0,51362431,1
3000.0,E0,9
3020.0,-594658757#2,24
3020.0,51362431,1
3020.0,E0,9
3040.0,-594658757#2,24
3040.0,51362431,1
3040.0,E0,9
3060.0,-594658757#2,24
3060.0,594658757#0,1
3060.0,E0,9
3080.0,-594658757#2,24
3080.0,E0,9
3100.0,-594658757#2,24
3100.0,E0,9
3120.0,-594658757#2,23
3120.0,303647015#0,1
3120.0,E0,9
3140.0,-594658757#2,24
3140.0,E0,8
3160.0,-594658757#2,24
3160.0,E0,8
3180.0,-594658757#2,24
3180.0,E0,8
3200.0,-594658757#2,24
3200.0,E0,8
3220.0,-594658757#2,24
3220.0,E0,8
3240.0,-594658757#2,24
3240.0,E0,8
3260.0,-594658757#2,24
3260.0,E0,8
3280.0,-594658757#2,24
3280.0,E0,8
3300.0,-594658757#2,24
3300.0,E0,8
3320.0,-594658757#2,24
3320.0,E0,8
3340.0,-594658757#2,24
3340.0,E0,8
3360.0,-594658757#2,24
3360.0,E0,8
3380.0,-594658757#2,24
3380.0,E0,8
3400.0,-594658757#2,24
3400.0,E0,8
3420.0,-594658757#2,23
3420.0,303647015#0,1
3420.0,E0,8
3440.0,-594658757#2,23
3440.0,E0,8
3460.0,-594658757#2,23
3460.0,1334904386#0,1
3460.0,:655375336_6,1
3460.0,E0,6
3480.0,-594658757#2,24
3480.0,303647015#0,1
3480.0,E0,6
3500.0,-594658757#2,24
3500.0,E0,6
3520.0,-594658757#2,24
3520.0,E0,6
3540.0,-594658757#2,24
3540.0,E0,6
3560.0,-594658757#2,24
3560.0,E0,6
3580.0,-594658757#2,24
3580.0,E0,6
3600.0,-594658757#2,24
3600.0,E0,6
3620.0,-594658757#2,24
3620.0,E0,6
3640.0,-594658757#2,24
3640.0,E0,6
3660.0,-594658757#2,24
3660.0,E0,6
3680.0,-594658757#2,24
3680.0,E0,6
3700.0,-594658757#2,24
3700.0,E0,6
3720.0,-594658757#2,23
3720.0,303647015#0,1
3720.0,E0,6
3740.0,-594658757#2,23
3740.0,E0,6
3760.0,-594658757#2,24
3760.0,E0,5
3780.0,-594658757#2,24
3780.0,E0,5
3800.0,-594658757#2,24
3800.0,E0,5
3820.0,-594658757#2,24
3820.0,E0,5
3840.0,-594658757#2,24
3840.0,E0,5
3860.0,-594658757#2,24
3860.0,E0,5
3880.0,-594658757#2,24
3880.0,E0,5
3900.0,-594658757#2,24
3900.0,E0,5
3920.0,-594658757#2,24
3920.0,E0,5
3940.0,-594658757#2,24
3940.0,E0,5
3960.0,-594658757#2,24
3960.0,E0,5
3980.0,-594658757#2,24
3980.0,E0,5
4000.0,-594658757#2,24
4000.0,E0,5
4020.0,-594658757#2,24
4020.0,E0,5
4040.0,-594658757#2,23
4040.0,E0,5
4060.0,-594658757#2,23
4060.0,1334904386#0,1
4060.0,E0,4
4080.0,-594658757#2,24
4080.0,1334904386#0,1
4080.0,E0,3
4100.0,-594658757#2,24
4100.0,1334904386#0,1
4100.0,E0,3
4120.0,-594658757#2,24
4120.0,1334904386#0,1
4120.0,E0,3
4140.0,-594658757#2,24
4140.0,303647015#0,1
4140.0,E0,3
4160.0,-594658757#2,24
4160.0,E0,3
4180.0,-594658757#2,24
4180.0,E0,3
4200.0,-594658757#2,24
4200.0,E0,3
4220.0,-594658757#2,24
4220.0,E0,3
4240.0,-594658757#2,24
4240.0,E0,3
4260.0,-594658757#2,24
4260.0,E0,3
4280.0,-594658757#2,24
4280.0,E0,3
4300.0,-594658757#2,24
4300.0,E0,3
4320.0,-594658757#2,24
4320.0,E0,3
4340.0,-594658757#2,23
4340.0,303647015#0,1
4340.0,E0,3
4360.0,-594658757#2,24
4360.0,E0,2
4380.0,-594658757#2,24
4380.0,E0,2
4400.0,-594658757#2,24
4400.0,E0,2
4420.0,-594658757#2,24
4420.0,E0,2
4440.0,-594658757#2,24
4440.0,E0,2
4460.0,-594658757#2,24
4460.0,E0,2
4480.0,-594658757#2,24
4480.0,E0,2
4500.0,-594658757#2,24
4500.0,E0,2
4520.0,-594658757#2,24
4520.0,E0,2
4540.0,-594658757#2,24
4540.0,E0,2
4560.0,-594658757#2,24
4560.0,E0,2
4580.0,-594658757#2,24
4580.0,E0,2
4600.0,-594658757#2,24
4600.0,E0,2
4620.0,-594658757#2,24
4620.0,E0,2
4640.0,-594658757#2,23
4640.0,303647015#0,1
4640.0,E0,2
4660.0,-594658757#2,23
4660.0,E0,1
4680.0,-594658757#2,24
4680.0,E0,1
4700.0,-594658757#2,24
4700.0,E0,1
4720.0,-594658757#2,24
4720.0,E0,1
4740.0,-594658757#2,24
4740.0,E0,1
4760.0,-594658757#2,24
4760.0,E0,1
4780.0,-594658757#2,24
4780.0,E0,1
4800.0,-594658757#2,24
4800.0,E0,1
4820.0,-594658757#2,24
4820.0,E0,1
4840.0,-594658757#2,24
4840.0,E0,1
4860.0,-594658757#2,24
4860.0,E0,1
4880.0,-594658757#2,24
4880.0,E0,1
4900.0,-594658757#2,24
4900.0,E0,1
4920.0,-594658757#2,24
4920.0,E0,1
4940.0,-594658757#2,23
4940.0,303647015#0,1
4940.0,E0,1
4960.0,-594658757#2,23
4960.0,E0,1
4980.0,-594658757#2,24
5000.0,-594658757#2,24
5020.0,-594658757#2,24
5040.0,-594658757#2,24
5060.0,-594658757#2,24
5080.0,-594658757#2,24
5100.0,-594658757#2,24
5120.0,-594658757#2,24
5140.0,-594658757#2,24
5160.0,-594658757#2,24
5180.0,-594658757#2,24
5200.0,-594658757#2,24
5220.0,-594658757#2,24
5240.0,-594658757#2,24
5260.0,-594658757#2,23
5280.0,-594658757#2,23
5300.0,-594658757#2,23
5320.0,-594658757#2,23
5340.0,-594658757#2,23
5360.0,-594658757#2,23
5380.0,-594658757#2,23
5400.0,-594658757#2,23
5420.0,-594658757#2,23
5440.0,-594658757#2,23
5460.0,-594658757#2,23
5480.0,-594658757#2,23
5500.0,-594658757#2,23
5520.0,-594658757#2,23
5540.0,-594658757#2,23
5560.0,-594658757#2,22
5560.0,303647015#0,1
5580.0,-594658757#2,22
5600.0,-594658757#2,22
5620.0,-594658757#2,22
5640.0,-594658757#2,22
5660.0,-594658757#2,22
5680.0,-594658757#2,22
5700.0,-594658757#2,22
5720.0,-594658757#2,22
5740.0,-594658757#2,22
5760.0,-594658757#2,22
5780.0,-594658757#2,22
5800.0,-594658757#2,22
5820.0,-594658757#2,22
5840.0,-594658757#2,22
5860.0,-594658757#2,21
5860.0,303647015#0,1
5880.0,-594658757#2,21
5900.0,-594658757#2,21
5920.0,-594658757#2,21
5940.0,-594658757#2,21
5960.0,-594658757#2,21
5980.0,-594658757#2,21
6000.0,-594658757#2,21
6020.0,-594658757#2,21
6040.0,-594658757#2,21
6060.0,-594658757#2,21
6080.0,-594658757#2,21
6100.0,-594658757#2,21
6120.0,-594658757#2,21
6140.0,-594658757#2,21
6160.0,-594658757#2,20
6160.0,303647015#0,1
6180.0,-594658757#2,20
6200.0,-594658757#2,20
6220.0,-594658757#2,20
6240.0,-594658757#2,20
6260.0,-594658757#2,20
6280.0,-594658757#2,20
6300.0,-594658757#2,20
6320.0,-594658757#2,20
6340.0,-594658757#2,20
6360.0,-594658757#2,20
6380.0,-594658757#2,20
6400.0,-594658757#2,20
6420.0,-594658757#2,20
6440.0,-594658757#2,20
6460.0,-594658757#2,20
6480.0,-594658757#2,19
6500.0,-594658757#2,19
6520.0,-594658757#2,19
6540.0,-594658757#2,19
6560.0,-594658757#2,19
6580.0,-594658757#2,19
6600.0,-594658757#2,19
6620.0,-594658757#2,19
6640.0,-594658757#2,19
6660.0,-594658757#2,19
6680.0,-594658757#2,19
6700.0,-594658757#2,19
6720.0,-594658757#2,19
6740.0,-594658757#2,19
6760.0,-594658757#2,19
6780.0,-594658757#2,18
6780.0,303647015#0,1
6800.0,-594658757#2,18
6820.0,-594658757#2,18
6840.0,-594658757#2,18
6860.0,-594658757#2,18
6880.0,-594658757#2,18
6900.0,-594658757#2,18
6920.0,-594658757#2,18
6940.0,-594658757#2,18
6960.0,-594658757#2,18
6980.0,-594658757#2,18
7000.0,-594658757#2,18
7020.0,-594658757#2,18
7040.0,-594658757#2,18
7060.0,-594658757#2,18
7080.0,-594658757#2,17
7080.0,303647015#0,1
7100.0,-594658757#2,17
7120.0,-594658757#2,17
7140.0,-594658757#2,17
7160.0,-594658757#2,17
7180.0,-594658757#2,17
7200.0,-594658757#2,17
7220.0,-594658757#2,17
7240.0,-594658757#2,17
7260.0,-594658757#2,17
7280.0,-594658757#2,17
7300.0,-594658757#2,17
7320.0,-594658757#2,17
7340.0,-594658757#2,17
7360.0,-594658757#2,17
7380.0,-594658757#2,16
7380.0,303647015#0,1
7400.0,-594658757#2,16
7420.0,-594658757#2,16
7440.0,-594658757#2,16
7460.0,-594658757#2,16
7480.0,-594658757#2,16
7500.0,-594658757#2,16
7520.0,-594658757#2,16
7540.0,-594658757#2,16
7560.0,-594658757#2,16
7580.0,-594658757#2,16
7600.0,-594658757#2,16
7620.0,-594658757#2,16
7640.0,-594658757#2,16
7660.0,-594658757#2,16
7680.0,-594658757#2,16
7700.0,-594658757#2,15
7720.0,-594658757#2,15
7740.0,-594658757#2,15
7760.0,-594658757#2,15
7780.0,-594658757#2,15
7800.0,-594658757#2,15
7820.0,-594658757#2,15
7840.0,-594658757#2,15
7860.0,-594658757#2,15
7880.0,-594658757#2,15
7900.0,-594658757#2,15
7920.0,-594658757#2,15
7940.0,-594658757#2,15
7960.0,-594658757#2,15
7980.0,-594658757#2,15
8000.0,-594658757#2,14
8000.0,303647015#0,1
8020.0,-594658757#2,14
8040.0,-594658757#2,14
8060.0,-594658757#2,14
8080.0,-594658757#2,14
8100.0,-594658757#2,14
8120.0,-594658757#2,14
8140.0,-594658757#2,14
8160.0,-594658757#2,14
8180.0,-594658757#2,14
8200.0,-594658757#2,14
8220.0,-594658757#2,14
8240.0,-594658757#2,14
8260.0,-594658757#2,14
8280.0,-594658757#2,14
8300.0,-594658757#2,13
8300.0,303647015#0,1
8320.0,-594658757#2,13
8340.0,-594658757#2,13
8360.0,-594658757#2,13
8380.0,-594658757#2,13
8400.0,-594658757#2,13
8420.0,-594658757#2,13
8440.0,-594658757#2,13
8460.0,-594658757#2,13
8480.0,-594658757#2,13
8500.0,-594658757#2,13
8520.0,-594658757#2,13
8540.0,-594658757#2,13
8560.0,-594658757#2,13
8580.0,-594658757#2,13
8600.0,-594658757#2,12
8600.0,303647015#0,1
8620.0,-594658757#2,12
8640.0,-594658757#2,12
8660.0,-594658757#2,12
8680.0,-594658757#2,12
8700.0,-594658757#2,12
8720.0,-594658757#2,12
8740.0,-594658757#2,12
8760.0,-594658757#2,12
8780.0,-594658757#2,12
8800.0,-594658757#2,12
8820.0,-594658757#2,12
8840.0,-594658757#2,12
8860.0,-594658757#2,12
8880.0,-594658757#2,12
8900.0,-594658757#2,12
8920.0,-594658757#2,11
8940.0,-594658757#2,11
8960.0,-594658757#2,11
8980.0,-594658757#2,11
9000.0,-594658757#2,11
9020.0,-594658757#2,11
9040.0,-594658757#2,11
9060.0,-594658757#2,11
9080.0,-594658757#2,11
9100.0,-594658757#2,11
9120.0,-594658757#2,11
9140.0,-594658757#2,11
9160.0,-594658757#2,11
9180.0,-594658757#2,11
9200.0,-594658757#2,11
9220.0,-594658757#2,10
9220.0,303647015#0,1
9240.0,-594658757#2,10
9260.0,-594658757#2,10
9280.0,-594658757#2,10
9300.0,-594658757#2,10
9320.0,-594658757#2,10
9340.0,-594658757#2,10
9360.0,-594658757#2,10
9380.0,-594658757#2,10
9400.0,-594658757#2,10
9420.0,-594658757#2,10
9440.0,-594658757#2,10
9460.0,-594658757#2,10
9480.0,-594658757#2,10
9500.0,-594658757#2,10
9520.0,-594658757#2,9
9520.0,303647015#0,1
9540.0,-594658757#2,9
9560.0,-594658757#2,9
9580.0,-594658757#2,9
9600.0,-594658757#2,9
9620.0,-594658757#2,9
9640.0,-594658757#2,9
9660.0,-594658757#2,9
9680.0,-594658757#2,9
9700.0,-594658757#2,9
9720.0,-594658757#2,9
9740.0,-594658757#2,9
9760.0,-594658757#2,9
9780.0,-594658757#2,9
9800.0,-594658757#2,9
9820.0,-594658757#2,8
9820.0,303647015#0,1
9840.0,-594658757#2,8
9860.0,-594658757#2,8
9880.0,-594658757#2,8
9900.0,-594658757#2,8
9920.0,-594658757#2,8
9940.0,-594658757#2,8
9960.0,-594658757#2,8
9980.0,-594658757#2,8
10000.0,-594658757#2,8
10020.0,-594658757#2,8
10040.0,-594658757#2,8
10060.0,-594658757#2,8
10080.0,-594658757#2,8
10100.0,-594658757#2,8
10120.0,-594658757#2,8
10140.0,-594658757#2,7
10140.0,303647015#0,1
10160.0,-594658757#2,7
10180.0,-594658757#2,7
10200.0,-594658757#2,7
10220.0,-594658757#2,7
10240.0,-594658757#2,7
10260.0,-594658757#2,7
10280.0,-594658757#2,7
10300.0,-594658757#2,7
10320.0,-594658757#2,7
10340.0,-594658757#2,7
10360.0,-594658757#2,7
10380.0,-594658757#2,7
10400.0,-594658757#2,7
10420.0,-594658757#2,7
10440.0,-594658757#2,6
10440.0,303647015#0,1
10460.0,-594658757#2,6
10480.0,-594658757#2,6
10500.0,-594658757#2,6
10520.0,-594658757#2,6
10540.0,-594658757#2,6
10560.0,-594658757#2,6
10580.0,-594658757#2,6
10600.0,-594658757#2,6
10620.0,-594658757#2,6
10640.0,-594658757#2,6
10660.0,-594658757#2,6
10680.0,-594658757#2,6
10700.0,-594658757#2,6
10720.0,-594658757#2,6
10740.0,-594658757#2,5
10740.0,303647015#0,1
10760.0,-594658757#2,5
10780.0,-594658757#2,5
10800.0,-594658757#2,5
10820.0,-594658757#2,5
10840.0,-594658757#2,5
10860.0,-594658757#2,5
10880.0,-594658757#2,5
10900.0,-594658757#2,5
10920.0,-594658757#2,5
10940.0,-594658757#2,5
10960.0,-594658757#2,5
10980.0,-594658757#2,5
11000.0,-594658757#2,5
11020.0,-594658757#2,5
11040.0,-594658757#2,4
11040.0,303647015#0,1
11060.0,-594658757#2,4
11080.0,-594658757#2,4
11100.0,-594658757#2,4
11120.0,-594658757#2,4
11140.0,-594658757#2,4
11160.0,-594658757#2,4
11180.0,-594658757#2,4
11200.0,-594658757#2,4
11220.0,-594658757#2,4
11240.0,-594658757#2,4
11260.0,-594658757#2,4
11280.0,-594658757#2,4
11300.0,-594658757#2,4
11320.0,-594658757#2,4
11340.0,-594658757#2,4
11360.0,-594658757#2,3
11380.0,-594658757#2,3
11400.0,-594658757#2,3
11420.0,-594658757#2,3
11440.0,-594658757#2,3
11460.0,-594658757#2,3
11480.0,-594658757#2,3
11500.0,-594658757#2,3
11520.0,-594658757#2,3
11540.0,-594658757#2,3
11560.0,-594658757#2,3
11580.0,-594658757#2,3
11600.0,-594658757#2,3
11620.0,-594658757#2,3
11640.0,-594658757#2,3
11660.0,-594658757#2,2
11660.0,303647015#0,1
11680.0,-594658757#2,2
11700.0,-594658757#2,2
11720.0,-594658757#2,2
11740.0,-594658757#2,2
11760.0,-594658757#2,2
11780.0,-594658757#2,2
11800.0,-594658757#2,2
11820.0,-594658757#2,2
11840.0,-594658757#2,2
11860.0,-594658757#2,2
11880.0,-594658757#2,2
11900.0,-594658757#2,2
11920.0,-594658757#2,2
11940.0,-594658757#2,2
11960.0,-594658757#2,1
11960.0,303647015#0,1
11980.0,-594658757#2,1
12000.0,-594658757#2,1
12020.0,-594658757#2,1
12040.0,-594658757#2,1
12060.0,-594658757#2,1
12080.0,-594658757#2,1
12100.0,-594658757#2,1
12120.0,-594658757#2,1
12140.0,-594658757#2,1
12160.0,-594658757#2,1
