time,edge_id,vehicle_count
60.0,-1334905223#2,2
60.0,-260882327,1
60.0,-49073264#1,1
60.0,-49695726,4
60.0,-545977624#2,4
60.0,-593847703#3,4
60.0,-593847704#2,6
60.0,1068234498#0,9
60.0,1068440006#0,1
60.0,1239087513,1
60.0,1334904386#0,1
60.0,182334378#0,2
60.0,182336886,1
60.0,196961215#0,8
60.0,196961215#2,3
60.0,196961377#0,14
60.0,196961377#3,3
60.0,196961378#1,1
60.0,196961379#0,1
60.0,232003903#0,3
60.0,244450512#1,1
60.0,244450512#5,2
60.0,268564473#0,2
60.0,288878926#0,1
60.0,288878927,1
60.0,30620492#0,4
60.0,30620492#1,4
60.0,314800955,1
60.0,353392316#0,1
60.0,48794887#0,8
60.0,49073272#4,2
60.0,49695726,2
60.0,49695733#2,1
60.0,506322840#0,1
60.0,506322841#1,4
60.0,506322851#0,6
60.0,506322853#0,1
60.0,51362359#0,1
60.0,51362429#0,4
60.0,51362431,2
60.0,593842812#2,10
60.0,593847703#0,1
60.0,593849711#0,1
60.0,593849711#2,3
60.0,593849721,1
60.0,593852345#0,3
60.0,593852346,1
60.0,594658762#0,2
60.0,:11510670762_0,1
60.0,:2749340167_0,1
60.0,:3086736518_1,1
60.0,:3208478121_1,1
60.0,:619136999_2,1
60.0,:622618197_0,1
60.0,:622618230_0,1
60.0,:631668826_0,1
60.0,:655375232_6,1
60.0,:655375233_0,1
60.0,:656132499_0,1
60.0,:cluster_2528018119_655375236_23,1
60.0,:cluster_623980147_623980152_3,1
60.0,E0,4
80.0,-260882327,1
80.0,-49073264#1,1
80.0,-49695726,5
80.0,-545977624#2,4
80.0,-593847703#3,5
80.0,-593847704#2,8
80.0,-E0,1
80.0,1068234498#0,5
80.0,1068440004#1,1
80.0,1068440006#0,1
80.0,1239087513,1
80.0,182334379#0,2
80.0,182336886,1
80.0,196961215#0,13
80.0,196961377#0,11
80.0,196961377#3,6
80.0,196961378#1,2
80.0,196961379#0,1
80.0,232003903#0,3
80.0,241518668#0,2
80.0,244450512#4,1
80.0,244450512#5,2
80.0,263217603#0,1
80.0,268564473#0,3
80.0,288135626#0,6
80.0,288878926#0,1
80.0,303647015#0,1
80.0,30620492#0,4
80.0,30620492#1,3
80.0,353392316#0,1
80.0,48794887#0,8
80.0,49073272#1,1
80.0,49073272#4,3
80.0,49695726,3
80.0,49695733#2,1
80.0,506322840#0,1
80.0,506322841#1,4
80.0,506322841#4,1
80.0,506322851#0,5
80.0,506322853#0,1
80.0,51289045#3,3
80.0,51362429#0,8
80.0,51362431,3
80.0,51392936#0,1
80.0,593842812#0,2
80.0,593842812#2,13
80.0,593844216#0,2
80.0,593847703#0,4
80.0,593849711#0,1
80.0,593849711#2,3
80.0,593849718#0,3
80.0,593852345#0,3
80.0,593852346,1
80.0,594658762#0,2
80.0,:11510670762_0,1
80.0,:2444664370_0,1
80.0,:619136999_2,1
80.0,:622618197_0,1
80.0,:655375240_10,1
80.0,:655375245_1,1
80.0,:656132499_1,1
80.0,:cluster_2528018119_655375236_2,1
80.0,:cluster_3208478133_655375293_655375296_9631728504_#1more_25,1
80.0,:cluster_3431431575_4777363357_655375231_6982059025_3,1
80.0,:cluster_4374470814_4374470816_656132411_656132475_6,1
80.0,:cluster_5372642442_631668976_631668981_631669076_12,2
80.0,:cluster_623980090_623980094_5,1
80.0,:cluster_9383263990_9383263991_9383263992_9383263993_10,2
80.0,:cluster_9383263990_9383263991_9383263992_9383263993_21,1
80.0,E0,4
100.0,-260882327,1
100.0,-49073264#1,2
100.0,-49695726,6
100.0,-51362430,1
100.0,-545977624#2,2
100.0,-593847703#3,2
100.0,-593847704#2,10
100.0,-E0,2
100.0,1068234498#0,3
100.0,1068234499#0,5
100.0,1068440004#1,1
100.0,1068440006#0,1
100.0,1239087513,1
100.0,182334379#0,1
100.0,196961215#0,13
100.0,196961215#2,6
100.0,196961377#0,10
100.0,196961377#3,6
100.0,196961379#0,1
100.0,232003903#0,3
100.0,244450512#4,2
100.0,244450512#5,2
100.0,268564473#0,1
100.0,288135626#0,4
100.0,288135628#0,1
100.0,30620492#0,3
100.0,30620492#1,1
100.0,353392316#0,1
100.0,48794887#0,9
100.0,49073272#4,3
100.0,49695726,2
100.0,49695733#2,1
100.0,49695736#0,3
100.0,506322840#0,3
100.0,506322841#1,3
100.0,506322851#0,4
100.0,506322853#0,1
100.0,51289045#3,1
100.0,51362429#0,9
100.0,51362431,3
100.0,51392936#0,1
100.0,545977624#0,2
100.0,593842812#2,4
100.0,593844221#0,1
100.0,593847702#0,2
100.0,593847703#0,4
100.0,593847704#0,2
100.0,593849711#2,5
100.0,593849718#0,3
100.0,593852345#0,4
100.0,593852346,1
100.0,594658762#0,1
100.0,:11510670762_0,1
100.0,:2081945236_2,1
100.0,:2444664370_0,2
100.0,:2749340167_0,1
100.0,:3208478121_1,1
100.0,:3208478128_0,1
100.0,:619136999_2,1
100.0,:622618108_1,1
100.0,:622618112_0,2
100.0,:622618197_0,1
100.0,:6251747844_1,1
100.0,:655375336_29,4
100.0,:655375336_48,1
100.0,:cluster_2528018119_655375236_16,1
100.0,:cluster_2528018119_655375236_6,1
100.0,:cluster_3208478133_655375293_655375296_9631728504_#1more_1,4
100.0,:cluster_5372642442_631668976_631668981_631669076_1,1
100.0,:cluster_5372642442_631668976_631668981_631669076_12,1
100.0,:cluster_9383263990_9383263991_9383263992_9383263993_10,2
100.0,:cluster_9383263990_9383263991_9383263992_9383263993_21,1
100.0,E0,4
120.0,-260882327,1
120.0,-49073264#1,2
120.0,-49695726,6
120.0,-545977624#2,4
120.0,-593847703#3,8
120.0,-593847704#2,11
120.0,-E0,3
120.0,1068234498#0,8
120.0,1068234499#0,5
120.0,1068440001,1
120.0,1068440006#0,1
120.0,1239087513,1
120.0,182334379#0,9
120.0,182336886,1
120.0,196961215#0,14
120.0,196961215#2,1
120.0,196961377#0,17
120.0,196961377#3,7
120.0,196961378#1,3
120.0,196961379#0,1
120.0,232003903#0,3
120.0,241518668#0,4
120.0,244450512#4,1
120.0,244450512#5,2
120.0,263217603#0,1
120.0,268564473#0,2
120.0,288878926#0,1
120.0,30620492#0,3
120.0,314800955,1
120.0,484988952#0,1
120.0,48794887#0,9
120.0,49073272#0,1
120.0,49073272#3,1
120.0,49073272#4,3
120.0,49695726,2
120.0,49695733#0,1
120.0,49695733#2,1
120.0,49695736#0,2
120.0,506322840#0,2
120.0,506322841#1,4
120.0,506322841#3,1
120.0,506322851#0,5
120.0,506322851#2,1
120.0,506322853#0,1
120.0,51289045#3,1
120.0,51362429#0,9
120.0,51362431,5
120.0,51392936#0,1
120.0,593842812#0,1
120.0,593842812#2,2
120.0,593847703#0,4
120.0,593847704#0,1
120.0,593849711#2,6
120.0,593852345#0,3
120.0,593852346,1
120.0,594658762#0,1
120.0,:11510670762_0,1
120.0,:3086736518_7,1
120.0,:3208478121_1,2
120.0,:3208478128_0,2
120.0,:619137000_1,1
120.0,:622618108_0,1
120.0,:622618144_4,1
120.0,:622618230_6,1
120.0,:631668826_0,1
120.0,:655375336_29,3
120.0,:cluster_2528018119_655375236_23,1
120.0,:cluster_2528018119_655375236_6,1
120.0,:cluster_3208478133_655375293_655375296_9631728504_#1more_1,1
120.0,:cluster_3431431575_4777363357_655375231_6982059025_3,1
120.0,:cluster_619136929_619136942_8,1
120.0,:cluster_623980090_623980094_1,3
120.0,:cluster_623980147_623980152_3,1
120.0,:cluster_9383263990_9383263991_9383263992_9383263993_21,1
120.0,E0,4
140.0,-1334905223#2,2
140.0,-260882327,2
140.0,-49073264#1,3
140.0,-49695726,7
140.0,-51362430,1
140.0,-545977624#2,7
140.0,-593847703#3,15
140.0,-593847704#2,5
140.0,-E0,3
140.0,1068234498#0,4
140.0,1068234499#0,1
140.0,1068440001,2
140.0,1239087513,1
140.0,1334904386#0,1
140.0,182334379#0,4
140.0,182336886,1
140.0,196961215#0,15
140.0,196961215#2,5
140.0,196961377#0,20
140.0,196961377#3,11
140.0,196961379#0,1
140.0,232003903#0,3
140.0,241518668#0,2
140.0,244450512#0,1
140.0,244450512#4,1
140.0,244450512#5,2
140.0,268564473#0,2
140.0,288135626#0,5
140.0,288878926#0,1
140.0,30620492#0,2
140.0,30620492#1,5
140.0,353392316#0,4
140.0,420578931#0,1
140.0,48794887#0,8
140.0,49073272#1,1
140.0,49073272#3,2
140.0,49073272#4,3
140.0,49695726,2
140.0,49695733#2,1
140.0,506322841#1,4
140.0,506322851#0,6
140.0,506322853#0,2
140.0,51362429#0,9
140.0,51362431,6
140.0,51392936#0,1
140.0,593842812#2,5
140.0,593844221#0,2
140.0,593847703#0,12
140.0,593849711#2,7
140.0,593852345#0,4
140.0,593852346,1
140.0,594658762#0,2
140.0,:11510670762_0,1
140.0,:2444664370_0,1
140.0,:3086736518_7,1
140.0,:3208478121_1,1
140.0,:3208478128_0,2
140.0,:622618108_1,1
140.0,:631668826_0,1
140.0,:655375233_0,1
140.0,:cluster_5372642442_631668976_631668981_631669076_12,2
140.0,:cluster_623980090_623980094_5,1
140.0,:cluster_623980147_623980152_6,2
140.0,E0,4
160.0,-260882327,1
160.0,-49695726,7
160.0,-545977624#2,6
160.0,-593847703#3,15
160.0,-593847704#2,4
160.0,-E0,2
160.0,1068234498#0,3
160.0,1068234499#0,9
160.0,1068440001,1
160.0,182334379#0,4
160.0,182336886,1
160.0,196961215#0,19
160.0,196961215#2,6
160.0,196961377#0,24
160.0,196961377#3,11
160.0,196961378#1,1
160.0,196961379#0,1
160.0,232003903#0,3
160.0,241518668#0,4
160.0,244450512#1,1
160.0,244450512#4,2
160.0,244450512#5,2
160.0,268564473#0,1
160.0,288135626#0,5
160.0,288878926#0,2
160.0,303647015#0,1
160.0,30620492#0,3
160.0,30620492#1,3
160.0,314800955,1
160.0,353392316#0,4
160.0,48794887#0,9
160.0,49073272#1,1
160.0,49073272#3,2
160.0,49073272#4,6
160.0,49695726,3
160.0,49695733#2,1
160.0,506322840#0,2
160.0,506322841#1,4
160.0,506322841#4,1
160.0,506322851#0,7
160.0,506322853#0,2
160.0,51289045#3,1
160.0,51362359#0,1
160.0,51362429#0,9
160.0,51362431,6
160.0,51392936#0,1
160.0,593842812#0,2
160.0,593842812#2,10
160.0,593844221#0,3
160.0,593847703#0,11
160.0,593849711#2,8
160.0,593849721,1
160.0,593852345#0,3
160.0,594658762#0,2
160.0,:2444664370_0,1
160.0,:3086736518_14,1
160.0,:3208478128_0,2
160.0,:619137000_1,1
160.0,:622618108_1,1
160.0,:622618144_4,1
160.0,:cluster_2528018119_655375236_2,2
160.0,:cluster_3208478133_655375293_655375296_9631728504_#1more_8,4
160.0,:cluster_4374470814_4374470816_656132411_656132475_6,1
160.0,:cluster_623980147_623980152_3,1
160.0,:cluster_9383263990_9383263991_9383263992_9383263993_10,2
160.0,E0,4
180.0,-260882327,1
180.0,-49073264#1,1
180.0,-49695726,7
180.0,-545977624#2,4
180.0,-593847703#3,15
180.0,-593847704#2,6
180.0,1068234498#0,7
180.0,1068234499#0,10
180.0,1068440001,1
180.0,1068440006#0,1
180.0,1239087513,1
180.0,182334379#0,11
180.0,182336886,1
180.0,182336887#2,1
180.0,196961215#0,17
180.0,196961215#2,3
180.0,196961377#0,27
180.0,196961377#3,11
180.0,196961379#0,1
180.0,198001764#0,1
180.0,232003903#0,2
180.0,241518668#0,2
180.0,244450512#1,1
180.0,244450512#4,3
180.0,244450512#5,2
180.0,268564473#0,3
180.0,288135626#0,5
180.0,288135628#0,3
180.0,288878926#0,2
180.0,30620492#0,4
180.0,336063376#0,2
180.0,48794887#0,8
180.0,49073272#1,3
180.0,49073272#4,10
180.0,49695726,2
180.0,49695733#2,1
180.0,506322840#0,2
180.0,506322841#1,4
180.0,506322851#0,5
180.0,506322853#0,2
180.0,51289045#3,1
180.0,51362429#0,6
180.0,51362431,7
180.0,51392936#0,1
180.0,593842812#0,5
180.0,593842812#2,15
180.0,593844221#0,3
180.0,593847703#0,6
180.0,593849711#2,10
180.0,593852345#0,5
180.0,593852346,1
180.0,594658762#0,2
180.0,:2444664370_0,1
180.0,:2749340167_0,1
180.0,:3086736518_0,1
180.0,:3208478128_0,2
180.0,:622618108_6,1
180.0,:631668826_0,1
180.0,:655375232_1,1
180.0,:cluster_2528018119_655375236_2,2
180.0,:cluster_3208478133_655375293_655375296_9631728504_#1more_11,1
180.0,:cluster_3208478133_655375293_655375296_9631728504_#1more_14,1
180.0,:cluster_3208478133_655375293_655375296_9631728504_#1more_8,4
180.0,:cluster_3431431575_4777363357_655375231_6982059025_12,1
180.0,:cluster_3431431575_4777363357_655375231_6982059025_3,1
180.0,:cluster_623980090_623980094_1,1
180.0,:cluster_623980147_623980152_14,1
180.0,:cluster_623980147_623980152_6,1
180.0,:cluster_9383263990_9383263991_9383263992_9383263993_10,1
180.0,E0,4
200.0,-260882327,1
200.0,-49073264#1,1
200.0,-49695726,6
200.0,-51362430,1
200.0,-545977624#2,6
200.0,-593847703#3,15
200.0,-593847704#2,9
200.0,1068234498#0,6
200.0,1068234499#0,11
200.0,1068440006#0,5
200.0,1239087513,1
200.0,1334904386#0,1
200.0,182334379#0,6
200.0,182336886,1
200.0,196961215#0,12
200.0,196961215#2,3
200.0,196961377#0,27
200.0,196961377#3,11
200.0,232003903#0,3
200.0,241518668#0,4
200.0,244450512#4,5
200.0,244450512#5,2
200.0,268564473#0,4
200.0,288135626#0,8
200.0,288135628#0,11
200.0,288878926#0,5
200.0,30620492#0,2
200.0,30620492#1,1
200.0,353392316#0,3
200.0,48794887#0,8
200.0,49073272#4,9
200.0,49073274,1
200.0,49695726,3
200.0,49695733#2,1
200.0,49695736#0,2
200.0,506322840#0,2
200.0,506322841#1,4
200.0,506322851#0,5
200.0,506322853#0,2
200.0,51289045#3,1
200.0,51362429#0,3
200.0,51362431,7
200.0,593842812#0,8
200.0,593842812#2,15
200.0,593844216#0,2
200.0,593844221#0,1
200.0,593849711#2,12
200.0,593849721,1
200.0,593852345#0,8
200.0,594658762#0,1
200.0,:11510670762_0,1
200.0,:2444664370_0,1
200.0,:3086736518_0,1
200.0,:3208478128_0,2
200.0,:622618230_6,1
200.0,:631668826_0,1
200.0,:655375232_0,1
200.0,:cluster_2528018119_655375236_2,1
200.0,:cluster_3208478133_655375293_655375296_9631728504_#1more_14,2
200.0,:cluster_3208478133_655375293_655375296_9631728504_#1more_8,3
200.0,:cluster_5372642442_631668976_631668981_631669076_1,1
200.0,:cluster_5372642442_631668976_631668981_631669076_12,3
200.0,:cluster_619136929_619136942_8,1
200.0,:cluster_623980090_623980094_1,2
200.0,:cluster_623980147_623980152_6,2
200.0,E0,9
220.0,-260882327,1
220.0,-49073264#1,1
220.0,-49695726,7
220.0,-51362430,1
220.0,-545977624#2,10
220.0,-593847703#3,16
220.0,-593847704#2,10
220.0,-594658757#2,3
220.0,1068234498#0,6
220.0,1068234499#0,8
220.0,1068440001,1
220.0,1068440006#0,9
220.0,1239087513,1
220.0,1334904386#0,2
220.0,182334378#0,1
220.0,182334379#0,2
220.0,182336886,1
220.0,182336887#2,1
220.0,196961215#0,17
220.0,196961377#0,27
220.0,196961377#3,6
220.0,196961378#1,4
220.0,232003903#0,4
220.0,244450512#4,5
220.0,244450512#5,2
220.0,268564473#0,5
220.0,288135626#0,15
220.0,288135628#0,2
220.0,288878926#0,1
220.0,30620492#0,3
220.0,30620492#1,5
220.0,314800955,1
220.0,336063376#0,3
220.0,353392316#0,10
220.0,48794887#0,8
220.0,49073272#0,2
220.0,49073272#4,2
220.0,49073274,1
220.0,49695726,2
220.0,49695733#2,1
220.0,506322841#1,4
220.0,506322841#3,1
220.0,506322851#0,6
220.0,506322853#0,2
220.0,51289045#3,2
220.0,51362429#0,2
220.0,51362431,9
220.0,51392936#0,1
220.0,545977624#0,2
220.0,593842812#0,9
220.0,593842812#2,8
220.0,593847702#3,1
220.0,593849711#0,1
220.0,593849711#2,12
220.0,593849718#0,3
220.0,593852345#0,4
220.0,593852346,2
220.0,594658762#0,2
220.0,906806086#0,1
220.0,:11510670762_0,1
220.0,:2444664370_0,1
220.0,:3086736518_1,1
220.0,:3208478128_0,2
220.0,:655375232_1,1
220.0,:655375233_0,1
220.0,:cluster_2528018119_655375236_6,1
220.0,:cluster_2528018119_655375236_7,1
220.0,:cluster_3208478133_655375293_655375296_9631728504_#1more_1,7
220.0,:cluster_3431431575_4777363357_655375231_6982059025_12,1
220.0,:cluster_619136929_619136942_8,1
220.0,:cluster_623980090_623980094_5,1
220.0,:cluster_623980147_623980152_3,1
220.0,E0,11
240.0,-260882327,1
240.0,-49073264#1,1
240.0,-49695726,6
240.0,-545977624#2,8
240.0,-593847703#3,18
240.0,-593847704#2,11
240.0,-594658757#2,3
240.0,-E0,1
240.0,1068234498#0,9
240.0,1068234499#0,9
240.0,1068440001,3
240.0,1068440006#0,9
240.0,1239087513,1
240.0,182334378#0,6
240.0,182334379#0,4
240.0,182336886,1
240.0,196961215#0,17
240.0,196961215#2,3
240.0,196961377#0,27
240.0,232003903#0,4
240.0,244450512#0,1
240.0,244450512#4,5
240.0,244450512#5,2
240.0,268564473#0,1
240.0,288135626#0,11
240.0,288135628#0,2
240.0,288878927,1
240.0,303647015#0,2
240.0,30620492#0,3
240.0,353392316#0,9
240.0,420578931#1,1
240.0,48794887#0,10
240.0,49073272#0,2
240.0,49073272#4,2
240.0,49695726,2
240.0,49695733#2,1
240.0,49695736#0,4
240.0,506322840#0,3
240.0,506322841#1,4
240.0,506322841#4,1
240.0,506322851#0,5
240.0,506322853#0,3
240.0,51289045#3,1
240.0,51362429#0,7
240.0,51362431,10
240.0,51392936#0,1
240.0,593842812#0,1
240.0,593842812#2,7
240.0,593844221#0,1
240.0,593847702#3,1
240.0,593847703#0,4
240.0,593849711#0,4
240.0,593849711#2,11
240.0,593849718#0,3
240.0,593849721,1
240.0,593852345#0,3
240.0,593852346,1
240.0,594658762#0,2
240.0,:11510670762_0,1
240.0,:2444664370_0,1
240.0,:3208478128_0,2
240.0,:631668826_0,1
240.0,:655375232_6,1
240.0,:655375233_0,1
240.0,:655375241_0,1
240.0,:655375336_29,5
240.0,:656132498_0,1
240.0,:cluster_2528018119_655375236_16,1
240.0,:cluster_3208478133_655375293_655375296_9631728504_#1more_1,3
240.0,:cluster_4374470814_4374470816_656132411_656132475_6,1
240.0,:cluster_5372642442_631668976_631668981_631669076_10,1
240.0,:cluster_5372642442_631668976_631668981_631669076_25,1
240.0,:cluster_623980090_623980094_1,3
240.0,:cluster_9383263990_9383263991_9383263992_9383263993_10,2
240.0,:cluster_9383263990_9383263991_9383263992_9383263993_21,1
240.0,E0,14
260.0,-1334905223#2,2
260.0,-260882327,2
260.0,-49073264#1,1
260.0,-49695726,6
260.0,-545977624#2,6
260.0,-593847703#3,18
260.0,-593847704#2,14
260.0,-594658757#2,3
260.0,-E0,1
260.0,1068234498#0,14
260.0,1068234499#0,9
260.0,1068440001,3
260.0,1068440006#0,8
260.0,1239087513,1
260.0,182334378#0,6
260.0,182334379#0,7
260.0,182336886,1
260.0,196961215#0,14
260.0,196961215#2,3
260.0,196961377#0,18
260.0,196961377#3,8
260.0,198001764#0,1
260.0,232003903#0,4
260.0,241518668#0,1
260.0,244450512#0,1
260.0,244450512#4,5
260.0,244450512#5,2
260.0,259080307#0,1
260.0,268564473#0,3
260.0,288135626#0,11
260.0,288135628#0,2
260.0,288878926#0,3
260.0,30620492#0,3
260.0,30620492#1,1
260.0,314800955,1
260.0,336063376#0,3
260.0,353392316#0,1
260.0,484988952#0,1
260.0,48794887#0,9
260.0,49073272#1,1
260.0,49073272#3,3
260.0,49073272#4,2
260.0,49073274,1
260.0,49695726,3
260.0,49695733#2,1
260.0,49695736#0,2
260.0,506322841#1,3
260.0,506322851#0,5
260.0,506322853#0,4
260.0,51289045#3,1
260.0,51362359#0,1
260.0,51362429#0,9
260.0,51362431,10
260.0,51392936#0,1
260.0,593842812#0,1
260.0,593842812#2,11
260.0,593844221#0,2
260.0,593847702#3,1
260.0,593847703#0,12
260.0,593849711#2,7
260.0,593852345#0,5
260.0,593852346,1
260.0,594658762#0,1
260.0,:11510670762_0,1
260.0,:1926948273_0,1
260.0,:2444664370_0,1
260.0,:2749340167_0,1
260.0,:3208478128_0,2
260.0,:5664237422_0,1
260.0,:619136999_2,1
260.0,:655375232_6,1
260.0,:655375233_0,2
260.0,:655375241_0,1
260.0,:655375245_1,1
260.0,:655375336_1,1
260.0,:655375336_29,1
260.0,:cluster_3208478133_655375293_655375296_9631728504_#1more_1,3
260.0,:cluster_3431431575_4777363357_655375231_6982059025_12,1
260.0,:cluster_4374470814_4374470816_656132411_656132475_6,1
260.0,:cluster_4374470814_4374470816_656132411_656132475_8,1
260.0,:cluster_5372642442_631668976_631668981_631669076_10,1
260.0,:cluster_5372642442_631668976_631668981_631669076_25,2
260.0,:cluster_623980090_623980094_1,1
260.0,:cluster_623980147_623980152_14,1
260.0,:cluster_623980147_623980152_6,1
260.0,E0,14
280.0,-1334905223#2,3
280.0,-260882327,1
280.0,-49073264#1,1
280.0,-49695726,6
280.0,-51362430,1
280.0,-545977624#2,4
280.0,-593847703#3,18
280.0,-593847704#2,15
280.0,-594658757#2,3
280.0,-E0,1
280.0,1068234498#0,19
280.0,1068234499#0,10
280.0,1068440001,3
280.0,1068440006#0,8
280.0,1334904386#0,1
280.0,182334378#0,8
280.0,182334379#0,5
280.0,182336886,1
280.0,196961215#0,10
280.0,196961215#2,2
280.0,196961377#0,19
280.0,196961377#3,11
280.0,232003903#0,4
280.0,241518668#0,2
280.0,244450512#0,2
280.0,244450512#4,5
280.0,244450512#5,2
280.0,268564473#0,5
280.0,288135626#0,10
280.0,288878926#0,3
280.0,300077497#0,1
280.0,30620492#0,3
280.0,30620492#1,5
280.0,48794887#0,8
280.0,49073272#0,2
280.0,49073272#3,1
280.0,49073272#4,5
280.0,49695726,3
280.0,49695733#2,1
280.0,49695736#0,3
280.0,506322841#1,4
280.0,506322851#0,5
280.0,506322853#0,4
280.0,51362429#0,9
280.0,51362431,10
280.0,593842812#0,6
280.0,593842812#2,14
280.0,593844221#0,3
280.0,593847702#3,1
280.0,593847703#0,10
280.0,593852345#0,8
280.0,593852346,1
280.0,594658762#0,2
280.0,:11510670762_0,1
280.0,:2444664370_0,1
280.0,:3208478128_0,2
280.0,:622618108_1,1
280.0,:622618230_6,1
280.0,:655375233_0,1
280.0,:655375241_0,1
280.0,:655375245_1,1
280.0,:656132499_0,1
280.0,:cluster_2528018119_655375236_2,2
280.0,:cluster_2528018119_655375236_22,1
280.0,:cluster_3208478133_655375293_655375296_9631728504_#1more_1,3
280.0,:cluster_3208478133_655375293_655375296_9631728504_#1more_8,3
280.0,:cluster_4374470814_4374470816_656132411_656132475_6,1
280.0,:cluster_623980090_623980094_1,2
280.0,:cluster_623980147_623980152_6,1
280.0,E0,14
300.0,-1334905223#2,1
300.0,-260882327,1
300.0,-49073264#1,1
300.0,-49695726,5
300.0,-545977624#2,7
300.0,-593847703#3,13
300.0,-593847704#2,18
300.0,-594658757#2,3
300.0,-E0,1
300.0,1068234498#0,13
300.0,1068234499#0,11
300.0,1068440001,2
300.0,1068440006#0,8
300.0,1334904386#0,1
300.0,182334378#0,8
300.0,182334379#0,5
300.0,196961215#0,16
300.0,196961377#0,25
300.0,196961377#3,11
300.0,196961378#1,5
300.0,232003903#0,4
300.0,241518668#0,3
300.0,244450512#0,2
300.0,244450512#4,5
300.0,244450512#5,2
300.0,268564473#0,5
300.0,288135626#0,20
300.0,288135628#0,6
300.0,288878926#0,5
300.0,30620492#0,3
300.0,30620492#1,2
300.0,336063376#0,1
300.0,484988952#0,1
300.0,48794887#0,8
300.0,49073272#4,8
300.0,49695726,3
300.0,49695733#2,1
300.0,49695736#0,3
300.0,506322840#0,2
300.0,506322841#1,3
300.0,506322851#0,4
300.0,506322853#0,4
300.0,51362429#0,9
300.0,51362431,10
300.0,51392936#0,1
300.0,593842812#0,9
300.0,593842812#2,14
300.0,593844221#0,3
300.0,593847702#0,3
300.0,593847703#0,4
300.0,593847704#0,1
300.0,593849711#2,4
300.0,593852345#0,3
300.0,593852346,1
300.0,594658762#0,1
300.0,:11510670762_0,1
300.0,:2081945236_2,1
300.0,:2444664370_0,1
300.0,:3208478128_0,2
300.0,:622618108_1,1
300.0,:631668826_0,1
300.0,:655375233_5,1
300.0,:655375245_1,1
300.0,:cluster_2038168688_655375573_2,1
300.0,:cluster_2528018119_655375236_2,3
300.0,:cluster_3208478133_655375293_655375296_9631728504_#1more_1,3
300.0,:cluster_3208478133_655375293_655375296_9631728504_#1more_8,5
300.0,:cluster_3431431575_4777363357_655375231_6982059025_3,1
300.0,:cluster_619136929_619136942_8,1
300.0,:cluster_623980090_623980094_5,1
300.0,:cluster_623980147_623980152_3,1
300.0,:cluster_9383263990_9383263991_9383263992_9383263993_10,2
300.0,:cluster_9383263990_9383263991_9383263992_9383263993_21,1
300.0,E0,14
320.0,-49695726,6
320.0,-545977624#2,8
320.0,-593847703#3,2
320.0,-593847704#2,18
320.0,-594658757#2,3
320.0,-E0,1
320.0,1068234498#0,10
320.0,1068234499#0,16
320.0,1068440001,3
320.0,1068440006#0,8
320.0,182334378#0,8
320.0,182334379#0,5
320.0,182336886,1
320.0,196961215#0,10
320.0,196961215#2,5
320.0,196961377#0,27
320.0,196961377#3,11
320.0,232003903#0,4
320.0,244450512#0,2
320.0,244450512#4,5
320.0,244450512#5,2
320.0,263217603#0,1
320.0,288135626#0,17
320.0,288135628#0,3
320.0,303647015#0,1
320.0,30620492#1,1
320.0,353392316#0,7
320.0,48794887#0,8
320.0,49073272#0,1
320.0,49073272#4,1
320.0,49695726,2
320.0,49695736#0,3
320.0,506322840#0,1
320.0,506322841#1,3
320.0,506322846#2,1
320.0,506322851#0,5
320.0,506322853#0,4
320.0,51362429#0,9
320.0,51362431,10
320.0,593842812#0,9
320.0,593842812#2,14
320.0,593844221#0,3
320.0,593847702#0,5
320.0,593847704#0,5
320.0,593849711#2,4
320.0,:11510670762_0,1
320.0,:2081945236_0,1
320.0,:2444664370_0,1
320.0,:3208478128_0,2
320.0,:631668826_0,1
320.0,:655375233_5,2
320.0,:655375240_7,1
320.0,:655375245_1,1
320.0,:cluster_3208478133_655375293_655375296_9631728504_#1more_1,3
320.0,:cluster_3208478133_655375293_655375296_9631728504_#1more_8,5
320.0,:cluster_5372642442_631668976_631668981_631669076_1,1
320.0,:cluster_5372642442_631668976_631668981_631669076_12,1
320.0,:cluster_619136929_619136942_8,1
320.0,:cluster_623980090_623980094_1,1
320.0,:cluster_9383263990_9383263991_9383263992_9383263993_21,1
320.0,E0,14
340.0,-49695726,4
340.0,-545977624#2,8
340.0,-593847703#3,1
340.0,-593847704#2,18
340.0,-594658757#2,3
340.0,-E0,1
340.0,1068234498#0,10
340.0,1068234499#0,11
340.0,1068440001,3
340.0,1068440006#0,8
340.0,182334378#0,11
340.0,182334379#0,5
340.0,182336886,1
340.0,182336887#0,1
340.0,196961215#0,2
340.0,196961215#2,2
340.0,196961377#0,27
340.0,196961377#3,11
340.0,232003903#0,4
340.0,241518668#0,6
340.0,244450512#0,2
340.0,244450512#1,1
340.0,244450512#4,5
340.0,244450512#5,2
340.0,288135626#0,17
340.0,288135628#0,3
340.0,288878926#0,2
340.0,30620492#1,1
340.0,353392316#0,7
340.0,48794887#0,9
340.0,49073272#4,1
340.0,49695726,3
340.0,506322841#1,2
340.0,506322851#0,5
340.0,506322853#0,4
340.0,51362429#0,9
340.0,51362431,9
340.0,593842812#0,9
340.0,593842812#2,14
340.0,593844221#0,3
340.0,593847704#0,1
340.0,593849711#2,4
340.0,:11510670762_0,1
340.0,:1926948273_0,1
340.0,:2444664370_0,1
340.0,:3208478128_0,1
340.0,:cluster_2528018119_655375236_6,1
340.0,:cluster_2528018119_655375236_7,1
340.0,:cluster_3208478133_655375293_655375296_9631728504_#1more_1,3
340.0,:cluster_3208478133_655375293_655375296_9631728504_#1more_8,5
340.0,:cluster_3431431575_4777363357_655375231_6982059025_12,1
340.0,:cluster_5372642442_631668976_631668981_631669076_10,1
340.0,:cluster_623980090_623980094_1,1
340.0,:cluster_623980147_623980152_14,1
340.0,:cluster_623980147_623980152_6,1
340.0,E0,14
360.0,-545977624#2,8
360.0,-593847703#3,5
360.0,-593847704#2,12
360.0,-594658757#2,5
360.0,-E0,5
360.0,1068234498#0,10
360.0,1068234499#0,7
360.0,1068440001,3
360.0,1068440004#1,3
360.0,1068440006#0,8
360.0,1334904386#0,1
360.0,182334378#0,7
360.0,182334379#0,3
360.0,182336887#0,1
360.0,196961215#2,2
360.0,196961377#0,27
360.0,196961377#3,7
360.0,198001764#0,2
360.0,232003903#0,3
360.0,241518668#0,2
360.0,244450512#0,2
360.0,244450512#4,5
360.0,244450512#5,2
360.0,288135626#0,12
360.0,288135628#0,3
360.0,30620492#1,1
360.0,336063376#0,2
360.0,48794887#0,8
360.0,49073272#4,1
360.0,49695726,2
360.0,506322841#1,2
360.0,506322851#0,5
360.0,506322853#0,4
360.0,51362429#0,9
360.0,51362431,10
360.0,593842812#0,9
360.0,593842812#2,14
360.0,593844221#0,3
360.0,593847703#0,3
360.0,593849711#2,4
360.0,593849718#0,4
360.0,:11510670762_0,1
360.0,:2444664370_0,1
360.0,:3086736518_7,2
360.0,:3208478128_0,2
360.0,:655375233_0,1
360.0,:655375245_0,1
360.0,:655375336_9,1
360.0,:cluster_2528018119_655375236_7,1
360.0,:cluster_3208478133_655375293_655375296_9631728504_#1more_1,3
360.0,:cluster_3208478133_655375293_655375296_9631728504_#1more_14,1
360.0,:cluster_3208478133_655375293_655375296_9631728504_#1more_8,5
360.0,:cluster_3431431575_4777363357_655375231_6982059025_3,1
360.0,:cluster_5372642442_631668976_631668981_631669076_10,1
360.0,E0,13
380.0,-545977624#2,8
380.0,-593847703#3,11
380.0,-593847704#2,2
380.0,-594658757#2,5
380.0,-E0,7
380.0,1068234498#0,2
380.0,1068234499#0,5
380.0,1068440001,3
380.0,1068440004#1,9
380.0,1068440006#0,8
380.0,1334904386#0,1
380.0,182334378#0,2
380.0,182336887#0,2
380.0,196961377#0,22
380.0,196961377#3,5
380.0,198001764#0,1
380.0,232003903#0,3
380.0,241518668#0,2
380.0,244450512#0,2
380.0,244450512#4,5
380.0,244450512#5,2
380.0,288135626#0,11
380.0,30620492#1,1
380.0,48794887#0,3
380.0,49073272#4,1
380.0,506322841#1,2
380.0,506322851#0,5
380.0,506322853#0,4
380.0,51362429#0,9
380.0,51362431,10
380.0,593842812#0,9
380.0,593842812#2,14
380.0,593844221#0,3
380.0,593847703#0,13
380.0,593849711#2,4
380.0,593849718#0,3
380.0,:11510670762_0,1
380.0,:2081945236_0,1
380.0,:2444664370_0,1
380.0,:3086736518_7,1
380.0,:3208478128_0,2
380.0,:655375233_0,2
380.0,:655375245_0,1
380.0,:655375336_7,1
380.0,:cluster_2528018119_655375236_6,1
380.0,:cluster_3208478133_655375293_655375296_9631728504_#1more_1,3
380.0,:cluster_3208478133_655375293_655375296_9631728504_#1more_14,1
380.0,:cluster_3208478133_655375293_655375296_9631728504_#1more_8,5
380.0,:cluster_5372642442_631668976_631668981_631669076_12,2
380.0,E0,13
400.0,-545977624#2,8
400.0,-593847703#3,14
400.0,-593847704#2,1
400.0,-594658757#2,6
400.0,-E0,5
400.0,1068234499#0,9
400.0,1068440001,2
400.0,1068440004#1,11
400.0,1068440006#0,8
400.0,1239087513,1
400.0,1334904386#0,1
400.0,182334378#0,2
400.0,182334379#0,1
400.0,182336886,1
400.0,182336887#0,2
400.0,182336887#2,2
400.0,196961377#0,15
400.0,196961377#3,11
400.0,232003903#0,3
400.0,244450512#0,2
400.0,244450512#4,5
400.0,244450512#5,2
400.0,288135626#0,8
400.0,303647015#0,1
400.0,336063376#0,1
400.0,353392316#0,1
400.0,49695736#0,3
400.0,506322841#1,2
400.0,506322853#0,4
400.0,51362429#0,9
400.0,51362431,10
400.0,593842812#0,9
400.0,593842812#2,14
400.0,593844221#0,1
400.0,593847703#0,13
400.0,593849711#2,4
400.0,:11510670762_0,1
400.0,:2444664370_0,2
400.0,:3086736518_14,1
400.0,:3208478128_0,2
400.0,:655375233_0,1
400.0,:655375245_0,1
400.0,:655375336_29,1
400.0,:cluster_2528018119_655375236_2,2
400.0,:cluster_2528018119_655375236_22,1
400.0,:cluster_3208478133_655375293_655375296_9631728504_#1more_14,1
400.0,:cluster_3208478133_655375293_655375296_9631728504_#1more_8,3
400.0,:cluster_3431431575_4777363357_655375231_6982059025_3,1
400.0,E0,13
420.0,-545977624#2,8
420.0,-593847703#3,14
420.0,-593847704#2,1
420.0,-594658757#2,9
420.0,1068234499#0,10
420.0,1068440001,2
420.0,1068440004#1,11
420.0,1068440006#0,8
420.0,1239087513,1
420.0,1334904386#0,1
420.0,182334378#0,2
420.0,182334379#0,5
420.0,182336886,1
420.0,182336887#0,3
420.0,196961377#0,21
420.0,196961377#3,11
420.0,232003903#0,4
420.0,244450512#0,2
420.0,244450512#4,5
420.0,244450512#5,2
420.0,288135626#0,8
420.0,288135628#0,1
420.0,30620492#1,1
420.0,353392316#0,1
420.0,49695736#0,5
420.0,506322841#1,2
420.0,506322853#0,4
420.0,51289045#3,1
420.0,51362429#0,9
420.0,51362431,10
420.0,593842812#0,7
420.0,593842812#2,6
420.0,593844221#0,2
420.0,593847703#0,7
420.0,593847704#0,4
420.0,593849711#2,4
420.0,:11510670762_0,1
420.0,:1926948273_0,1
420.0,:2444664370_0,1
420.0,:3208478128_0,2
420.0,:655375245_0,1
420.0,:655375336_29,2
420.0,:656132498_0,2
420.0,:cluster_2528018119_655375236_2,3
420.0,:cluster_3208478133_655375293_655375296_9631728504_#1more_1,4
420.0,:cluster_5372642442_631668976_631668981_631669076_1,2
420.0,E0,13
440.0,-545977624#2,2
440.0,-593847703#3,14
440.0,-593847704#2,1
440.0,-594658757#2,9
440.0,1068234499#0,10
440.0,1068440001,2
440.0,1068440004#1,11
440.0,1068440006#0,12
440.0,1239087513,1
440.0,1334904386#0,1
440.0,182334378#0,2
440.0,182334379#0,9
440.0,182336887#0,3
440.0,182336887#2,1
440.0,196961377#0,27
440.0,196961377#3,10
440.0,198001764#0,1
440.0,232003903#0,4
440.0,244450512#0,2
440.0,244450512#4,5
440.0,244450512#5,2
440.0,288135626#0,8
440.0,288135628#0,2
440.0,49695736#0,15
440.0,506322841#1,2
440.0,506322853#0,2
440.0,51362429#0,3
440.0,51362431,10
440.0,593842812#0,2
440.0,593842812#2,7
440.0,593844221#0,1
440.0,593847703#0,1
440.0,593849711#2,4
440.0,593849718#0,1
440.0,668037874,1
440.0,:11510670762_0,1
440.0,:1926948273_0,1
440.0,:2081945236_2,1
440.0,:2444664370_0,1
440.0,:3086736518_0,1
440.0,:3208478128_0,2
440.0,:655375232_1,1
440.0,:655375245_0,1
440.0,:655375336_29,5
440.0,:656132498_0,1
440.0,:cluster_2528018119_655375236_2,2
440.0,:cluster_3208478133_655375293_655375296_9631728504_#1more_1,3
440.0,:cluster_619136929_619136942_5,1
440.0,E0,16
460.0,-593847703#3,14
460.0,-593847704#2,1
460.0,-594658757#2,10
460.0,1068234499#0,10
460.0,1068440001,2
460.0,1068440004#1,11
460.0,1068440006#0,16
460.0,1334904386#0,1
460.0,182334378#0,2
460.0,182334379#0,6
460.0,182336887#0,1
460.0,182336887#2,1
460.0,196961377#0,27
460.0,196961377#3,3
460.0,198001764#0,1
460.0,232003903#0,4
460.0,244450512#0,2
460.0,244450512#4,5
460.0,244450512#5,2
460.0,259080307#0,1
460.0,288135626#0,8
460.0,49695733#0,3
460.0,49695736#0,20
460.0,506322841#1,2
460.0,51362429#0,2
460.0,51362431,10
460.0,593842812#2,11
460.0,593844221#0,2
460.0,593849711#2,4
460.0,593849718#0,2
460.0,668037874,1
460.0,:11510670762_0,1
460.0,:2444664370_0,1
460.0,:2749340167_2,1
460.0,:3208478128_0,2
460.0,:622618197_6,1
460.0,:655375232_1,1
460.0,:655375245_0,1
460.0,:cluster_3208478133_655375293_655375296_9631728504_#1more_1,2
460.0,:cluster_3208478133_655375293_655375296_9631728504_#1more_8,1
460.0,:cluster_5372642442_631668976_631668981_631669076_1,6
460.0,E0,19
480.0,-593847703#3,18
480.0,-593847704#2,1
480.0,-594658757#2,10
480.0,1068234499#0,8
480.0,1068440004#1,11
480.0,1068440006#0,18
480.0,182334378#0,3
480.0,182334379#0,17
480.0,182336887#0,3
480.0,196961377#0,20
480.0,196961377#3,7
480.0,232003903#0,4
480.0,244450512#0,2
480.0,244450512#4,5
480.0,244450512#5,2
480.0,288135626#0,6
480.0,303647015#0,1
480.0,420578931#0,1
480.0,506322841#1,2
480.0,51362431,10
480.0,593842812#2,11
480.0,593844221#0,3
480.0,593849711#2,1
480.0,668037874,1
480.0,:1926948273_0,1
480.0,:2081945236_0,1
480.0,:2749340167_2,1
480.0,:3208478128_0,2
480.0,:655375232_6,2
480.0,:655375233_0,1
480.0,:655375245_0,1
480.0,:cluster_3208478133_655375293_655375296_9631728504_#1more_1,2
480.0,:cluster_3208478133_655375293_655375296_9631728504_#1more_8,4
480.0,E0,20
500.0,-593847703#3,17
500.0,-593847704#2,1
500.0,-594658757#2,15
500.0,1068234499#0,9
500.0,1068440004#1,11
500.0,1068440006#0,18
500.0,182334378#0,3
500.0,182334379#0,2
500.0,182336887#0,2
500.0,182336887#2,1
500.0,196961377#0,17
500.0,196961377#3,11
500.0,198001764#0,1
500.0,232003903#0,4
500.0,244450512#0,2
500.0,244450512#4,5
500.0,244450512#5,2
500.0,288135626#0,4
500.0,30620492#1,1
500.0,506322841#1,2
500.0,51362431,10
500.0,593842812#2,11
500.0,593844221#0,3
500.0,668037874,1
500.0,:2081945236_0,1
500.0,:2444664370_0,1
500.0,:3208478128_0,2
500.0,:655375233_4,1
500.0,:655375245_0,1
500.0,:cluster_2528018119_655375236_2,2
500.0,:cluster_3208478133_655375293_655375296_9631728504_#1more_1,2
500.0,:cluster_3208478133_655375293_655375296_9631728504_#1more_8,4
500.0,E0,15
520.0,-593847703#3,7
520.0,-593847704#2,1
520.0,-594658757#2,15
520.0,1068234499#0,9
520.0,1068440004#1,11
520.0,1068440006#0,18
520.0,182334378#0,3
520.0,182334379#0,4
520.0,182336886,1
520.0,182336887#0,3
520.0,196961377#0,24
520.0,196961377#3,11
520.0,198001764#0,1
520.0,232003903#0,4
520.0,244450512#0,2
520.0,244450512#4,5
520.0,244450512#5,2
520.0,288135626#0,4
520.0,506322841#1,2
520.0,51289045#5,1
520.0,51362431,10
520.0,593842812#2,11
520.0,593844221#0,3
520.0,593847702#0,5
520.0,593847704#0,1
520.0,668037874,1
520.0,:2444664370_0,1
520.0,:3208478128_0,2
520.0,:622618108_6,1
520.0,:655375233_5,1
520.0,:655375245_0,1
520.0,:cluster_3208478133_655375293_655375296_9631728504_#1more_1,2
520.0,:cluster_3208478133_655375293_655375296_9631728504_#1more_8,4
520.0,E0,15
540.0,-593847703#3,4
540.0,-593847704#2,1
540.0,-594658757#2,14
540.0,1068234499#0,5
540.0,1068440004#1,11
540.0,1068440006#0,18
540.0,182334378#0,3
540.0,182336886,1
540.0,182336887#0,3
540.0,196961377#0,27
540.0,196961377#3,6
540.0,198001764#0,1
540.0,232003903#0,4
540.0,244450512#0,2
540.0,244450512#4,5
540.0,244450512#5,2
540.0,288135626#0,2
540.0,288135628#0,3
540.0,30620492#1,1
540.0,506322841#1,2
540.0,51362431,10
540.0,593842812#2,11
540.0,593844221#0,3
540.0,593847702#0,4
540.0,593847704#0,3
540.0,593849718#0,3
540.0,668037874,1
540.0,:2444664370_0,1
540.0,:3208478128_0,2
540.0,:622618197_6,1
540.0,:655375245_0,1
540.0,:cluster_2528018119_655375236_7,1
540.0,:cluster_3208478133_655375293_655375296_9631728504_#1more_1,2
540.0,:cluster_3208478133_655375293_655375296_9631728504_#1more_8,4
540.0,:cluster_5372642442_631668976_631668981_631669076_1,1
540.0,E0,15
560.0,-593847703#3,10
560.0,-593847704#2,1
560.0,-594658757#2,14
560.0,-E0,1
560.0,1068234499#0,1
560.0,1068440004#1,3
560.0,1068440006#0,18
560.0,182336887#0,3
560.0,182336887#2,1
560.0,196961377#0,26
560.0,198001764#0,1
560.0,232003903#0,3
560.0,244450512#0,2
560.0,244450512#4,5
560.0,244450512#5,2
560.0,30620492#1,1
560.0,49695736#0,1
560.0,506322841#1,2
560.0,51362431,10
560.0,593842812#2,11
560.0,593844221#0,2
560.0,593847702#0,5
560.0,593847703#0,1
560.0,593847704#0,1
560.0,593849718#0,2
560.0,668037874,1
560.0,:2081945236_0,1
560.0,:3086736518_19,1
560.0,:3139322031_0,1
560.0,:3208478128_0,2
560.0,:619136999_2,1
560.0,:655375233_11,2
560.0,:655375233_9,1
560.0,:655375245_0,1
560.0,:655375336_29,2
560.0,:cluster_2528018119_655375236_6,1
560.0,:cluster_3208478133_655375293_655375296_9631728504_#1more_14,2
560.0,:cluster_3208478133_655375293_655375296_9631728504_#1more_8,4
560.0,E0,15
580.0,-593847703#3,12
580.0,-593847705,1
580.0,-594658757#2,16
580.0,-E0,1
580.0,1068440006#0,18
580.0,182334379#0,1
580.0,182336886,1
580.0,182336887#0,3
580.0,182336887#2,1
580.0,196961377#0,17
580.0,196961377#3,9
580.0,232003903#0,4
580.0,244450512#0,2
580.0,244450512#4,5
580.0,244450512#5,2
580.0,49695736#0,5
580.0,506322841#1,2
580.0,51289045#1,1
580.0,51362431,10
580.0,593842812#2,11
580.0,593844221#0,1
580.0,593847702#0,2
580.0,593847704#0,2
580.0,668037874,1
580.0,:3139322031_0,1
580.0,:3208478128_0,2
580.0,:619136999_2,1
580.0,:655375233_0,1
580.0,:655375245_0,1
580.0,:655375336_28,1
580.0,:cluster_3208478133_655375293_655375296_9631728504_#1more_14,1
580.0,E0,15
600.0,-593847703#3,12
600.0,-593847705,1
600.0,-594658757#2,17
600.0,-E0,1
600.0,1068440006#0,18
600.0,182334379#0,3
600.0,182336887#0,3
600.0,196961377#0,20
600.0,196961377#3,11
600.0,232003903#0,4
600.0,244450512#0,2
600.0,244450512#4,5
600.0,244450512#5,2
600.0,30620492#1,1
600.0,49695736#0,4
600.0,506322841#1,2
600.0,506322841#3,1
600.0,51362431,10
600.0,593844221#0,1
600.0,668037874,1
600.0,:1926948273_0,1
600.0,:3139322031_0,1
600.0,:3208478128_0,2
600.0,:655375233_0,1
600.0,:655375245_0,1
600.0,:655375336_29,4
600.0,:655375336_48,1
600.0,:cluster_2528018119_655375236_16,3
600.0,:cluster_3208478133_655375293_655375296_9631728504_#1more_1,1
600.0,E0,15
620.0,-593847703#3,12
620.0,-593847705,1
620.0,-594658757#2,17
620.0,1068440006#0,17
620.0,182334379#0,5
620.0,182336886,1
620.0,182336887#0,3
620.0,196961377#0,26
620.0,196961377#3,9
620.0,232003903#0,4
620.0,244450512#0,2
620.0,244450512#4,4
620.0,244450512#5,1
620.0,49695736#0,5
620.0,506322841#1,2
620.0,506322841#3,1
620.0,51362431,10
620.0,593849718#0,1
620.0,668037874,1
620.0,:1926948273_0,1
620.0,:2081945236_0,1
620.0,:3086736518_14,1
620.0,:3139322031_0,1
620.0,:3208478128_0,1
620.0,:622618197_6,1
620.0,:655375233_0,1
620.0,:655375245_0,1
620.0,:655375336_2,1
620.0,:cluster_3208478133_655375293_655375296_9631728504_#1more_15,2
620.0,E0,15
640.0,-593847703#3,12
640.0,-594658757#2,21
640.0,1068440006#0,9
640.0,1334904386#0,3
640.0,182336886,1
640.0,182336887#0,3
640.0,196961377#0,27
640.0,196961377#3,2
640.0,232003903#0,4
640.0,244450512#0,2
640.0,49695736#0,2
640.0,506322841#1,3
640.0,506322841#3,1
640.0,51362431,9
640.0,593847703#0,1
640.0,593847704#0,2
640.0,593849718#0,3
640.0,594658760#0,1
640.0,668037874,1
640.0,:1926948273_0,1
640.0,:3139322031_0,1
640.0,:622618197_6,1
640.0,:655375245_0,1
640.0,:655375336_2,2
640.0,:cluster_2528018119_655375236_16,3
640.0,E0,15
660.0,-593847703#3,11
660.0,-594658757#2,24
660.0,1068440006#0,3
660.0,1334904386#0,8
660.0,182334379#0,2
660.0,182336887#0,3
660.0,196961377#0,24
660.0,196961377#3,3
660.0,198001764#0,2
660.0,232003903#0,4
660.0,244450512#0,1
660.0,506322841#1,2
660.0,51362431,10
660.0,668037874,1
660.0,:3139322031_0,1
660.0,:655375233_4,1
660.0,:655375245_0,1
660.0,:cluster_2528018119_655375236_22,1
660.0,E0,15
680.0,-593847703#3,2
680.0,-594658757#2,24
680.0,1068440006#0,3
680.0,1334904386#0,8
680.0,182336887#0,3
680.0,182336887#2,1
680.0,196961377#0,16
680.0,196961377#3,11
680.0,198001764#0,1
680.0,232003903#0,4
680.0,244450512#0,1
680.0,30620492#1,1
680.0,506322841#1,2
680.0,51362431,10
680.0,593847702#0,3
680.0,593847704#0,4
680.0,668037874,1
680.0,:2081945236_0,1
680.0,:3139322031_0,1
680.0,:655375233_5,1
680.0,:655375245_0,1
680.0,:cluster_5372642442_631668976_631668981_631669076_1,1
680.0,E0,15
700.0,-51362429#1,1
700.0,-594658757#2,24
700.0,1068440006#0,3
700.0,1334904386#0,6
700.0,182336887#0,3
700.0,182336887#2,1
700.0,196961377#0,21
700.0,196961377#3,11
700.0,198001764#0,1
700.0,232003903#0,3
700.0,244450512#0,1
700.0,49073226#2,1
700.0,506322841#1,2
700.0,51362431,10
700.0,668037874,1
700.0,:1926948273_0,1
700.0,:3139322031_0,1
700.0,:655375245_0,1
700.0,:cluster_3208478133_655375293_655375296_9631728504_#1more_11,1
700.0,:cluster_3208478133_655375293_655375296_9631728504_#1more_14,1
700.0,:cluster_655375246_655375489_3,2
700.0,E0,15
720.0,-51362429#1,1
720.0,-594658757#2,24
720.0,1068440006#0,3
720.0,182336887#0,3
720.0,182336887#2,1
720.0,196961377#0,26
720.0,196961377#3,6
720.0,232003903#0,3
720.0,244450512#0,1
720.0,303647015#0,5
720.0,506322841#1,2
720.0,506322841#3,1
720.0,51289045#3,2
720.0,51289045#5,1
720.0,51362431,10
720.0,545977624#0,2
720.0,593849718#0,3
720.0,668037874,1
720.0,:2081945236_0,1
720.0,:2664674480_0,1
720.0,:2749340167_2,1
720.0,:3139322031_0,1
720.0,:622618197_6,1
720.0,:655375245_0,1
720.0,E0,15
740.0,-594658757#2,24
740.0,1068440006#0,3
740.0,182336887#0,3
740.0,196961377#0,26
740.0,198001764#0,1
740.0,232003903#0,3
740.0,244450512#0,1
740.0,288878926#0,1
740.0,30620492#1,1
740.0,506322841#1,2
740.0,51362431,10
740.0,593849718#0,3
740.0,:1926948273_0,1
740.0,:2081945236_0,1
740.0,:3139322031_0,1
740.0,:655375245_0,1
740.0,E0,15
760.0,-594658757#2,24
760.0,1068440006#0,3
760.0,182336886,1
760.0,182336887#0,3
760.0,182336887#2,1
760.0,196961377#0,21
760.0,196961377#3,6
760.0,198001764#0,1
760.0,232003903#0,3
760.0,244450512#0,1
760.0,506322841#1,2
760.0,51362431,10
760.0,:3139322031_0,1
760.0,:655375245_0,1
760.0,E0,15
780.0,-594658757#2,24
780.0,1068440006#0,3
780.0,182336887#0,3
780.0,196961377#0,17
780.0,196961377#3,11
780.0,198001764#0,1
780.0,232003903#0,3
780.0,244450512#0,1
780.0,30620492#1,1
780.0,506322841#1,2
780.0,506322841#3,1
780.0,51289045#1,1
780.0,51362431,10
780.0,593844216#0,1
780.0,:2081945236_0,1
780.0,:3139322031_0,1
780.0,:655375245_0,1
780.0,:cluster_3208478133_655375293_655375296_9631728504_#1more_14,3
780.0,E0,15
800.0,-260882327,1
800.0,-594658757#2,24
800.0,1068440006#0,3
800.0,1334904386#0,1
800.0,182336887#0,2
800.0,182336887#2,2
800.0,196961377#0,23
800.0,196961377#3,9
800.0,232003903#0,3
800.0,244450512#0,1
800.0,51289045#5,1
800.0,51362431,10
800.0,593849718#0,1
800.0,:622618197_0,1
800.0,:6251747844_1,1
800.0,:655375245_0,1
800.0,E0,14
820.0,-594658757#2,24
820.0,1068440006#0,3
820.0,1334904386#0,1
820.0,196961377#0,26
820.0,196961377#3,4
820.0,232003903#0,3
820.0,244450512#0,1
820.0,51362431,10
820.0,593849718#0,3
820.0,:655375245_0,1
820.0,E0,14
840.0,-594658757#2,23
840.0,1068440006#0,3
840.0,1334904386#0,1
840.0,196961377#0,26
840.0,232003903#0,3
840.0,244450512#0,1
840.0,303647015#0,1
840.0,51362431,10
840.0,:655375245_0,1
840.0,E0,14
860.0,-594658757#2,23
860.0,1068440006#0,3
860.0,196961377#0,17
860.0,196961377#3,9
860.0,232003903#0,2
860.0,244450512#0,1
860.0,51289045#3,3
860.0,51289045#5,1
860.0,51362431,10
860.0,545977624#0,1
860.0,593844216#0,1
860.0,:655375245_0,1
860.0,:cluster_4374470814_4374470816_656132411_656132475_4,1
860.0,:cluster_655375246_655375489_3,1
860.0,E0,14
880.0,-594658757#2,24
880.0,1334904386#0,1
880.0,196961377#0,15
880.0,196961377#3,11
880.0,232003903#0,2
880.0,244450512#0,1
880.0,303647015#0,1
880.0,51362431,10
880.0,:655375245_0,1
880.0,:655375336_1,1
880.0,E0,14
900.0,-594658757#2,24
900.0,1334904386#0,2
900.0,196961377#0,15
900.0,196961377#3,6
900.0,232003903#0,2
900.0,244450512#0,1
900.0,51362431,10
900.0,593849718#0,3
900.0,:622618197_0,1
900.0,:655375245_0,1
900.0,E0,14
920.0,-594658757#2,24
920.0,1334904386#0,2
920.0,196961377#0,7
920.0,196961377#3,7
920.0,232003903#0,4
920.0,244450512#0,1
920.0,51362431,10
920.0,593844216#0,2
920.0,593849718#0,3
920.0,:619136999_2,1
920.0,:655375245_0,1
920.0,:cluster_3208478133_655375293_655375296_9631728504_#1more_11,1
920.0,E0,14
940.0,-594658757#2,24
940.0,196961377#0,1
940.0,196961377#3,6
940.0,232003903#0,4
940.0,244450512#0,1
940.0,51289045#5,1
940.0,51362431,9
940.0,545977624#0,2
940.0,593844216#0,1
940.0,593849718#0,3
940.0,593852346,1
940.0,594658760#0,1
940.0,:622618197_0,1
940.0,:655375245_0,1
940.0,:cluster_655375246_655375489_3,2
940.0,E0,14
960.0,-594658757#2,24
960.0,196961377#0,1
960.0,196961377#3,5
960.0,232003903#0,4
960.0,51362431,10
960.0,545977624#0,1
960.0,:655375245_0,1
960.0,E0,14
980.0,-594658757#2,24
980.0,196961377#3,6
980.0,232003903#0,4
980.0,51362431,10
980.0,:655375245_0,1
980.0,E0,14
1000.0,-594658757#2,24
1000.0,196961377#3,5
1000.0,232003903#0,1
1000.0,51289045#3,3
1000.0,51362431,10
1000.0,593844216#0,4
1000.0,:622618197_6,1
1000.0,:655375245_0,1
1000.0,E0,14
1020.0,-594658757#2,24
1020.0,232003903#0,1
1020.0,51362431,10
1020.0,545977624#0,3
1020.0,593849718#0,1
1020.0,:655375245_0,1
1020.0,E0,14
1040.0,-594658757#2,24
1040.0,232003903#0,1
1040.0,51362431,10
1040.0,:655375245_0,1
1040.0,E0,14
1060.0,-594658757#2,24
1060.0,51362431,10
1060.0,:655375245_0,1
1060.0,:cluster_3208478133_655375293_655375296_9631728504_#1more_14,1
1060.0,E0,14
1080.0,-594658757#2,24
1080.0,51362431,10
1080.0,:655375245_0,1
1080.0,E0,14
1100.0,-594658757#2,24
1100.0,51362431,10
1100.0,:655375245_0,1
1100.0,E0,14
1120.0,-594658757#2,24
1120.0,51362431,10
1120.0,:655375245_0,1
1120.0,E0,13
1140.0,-594658757#2,23
1140.0,303647015#0,1
1140.0,51362431,10
1140.0,:655375245_0,1
1140.0,E0,13
1160.0,-594658757#2,23
1160.0,51362431,10
1160.0,:655375245_0,1
1160.0,E0,13
1180.0,-594658757#2,24
1180.0,51362431,10
1180.0,:655375245_0,1
1180.0,E0,13
1200.0,-594658757#2,24
1200.0,51362431,10
1200.0,:655375245_0,1
1200.0,E0,13
1220.0,-594658757#2,24
1220.0,51362431,10
1220.0,:655375245_0,1
1220.0,E0,13
1240.0,-594658757#2,24
1240.0,51362431,10
1240.0,:655375245_0,1
1240.0,E0,13
1260.0,-594658757#2,24
1260.0,51362431,10
1260.0,E0,13
1280.0,-594658757#2,24
1280.0,51362431,10
1280.0,E0,13
1300.0,-594658757#2,24
1300.0,51362431,10
1300.0,E0,13
1320.0,-594658757#2,24
1320.0,51362431,10
1320.0,E0,13
1340.0,-594658757#2,24
1340.0,51362431,10
1340.0,E0,13
1360.0,-594658757#2,24
1360.0,51362431,10
1360.0,E0,13
1380.0,-594658757#2,24
1380.0,51362431,10
1380.0,E0,13
1400.0,-594658757#2,24
1400.0,51362431,10
1400.0,E0,13
1420.0,-594658757#2,24
1420.0,1334904386#0,1
1420.0,51362431,10
1420.0,E0,12
1440.0,-594658757#2,23
1440.0,1334904386#0,1
1440.0,303647015#0,1
1440.0,51362431,10
1440.0,E0,12
1460.0,-594658757#2,23
1460.0,1334904386#0,1
1460.0,51362431,10
1460.0,E0,12
1480.0,-594658757#2,23
1480.0,1334904386#0,1
1480.0,51362431,10
1480.0,E0,12
1500.0,-594658757#2,23
1500.0,303647015#0,1
1500.0,51362431,10
1500.0,E0,12
1520.0,-594658757#2,23
1520.0,51362431,10
1520.0,E0,12
1540.0,-594658757#2,23
1540.0,51362431,10
1540.0,E0,12
1560.0,-594658757#2,23
1560.0,51362431,9
1560.0,594658757#0,1
1560.0,E0,12
1580.0,-594658757#2,23
1580.0,51362431,9
1580.0,E0,12
1600.0,-594658757#2,23
1600.0,51362431,9
1600.0,E0,12
1620.0,-594658757#2,23
1620.0,51362431,9
1620.0,E0,12
1640.0,-594658757#2,23
1640.0,51362431,9
1640.0,E0,12
1660.0,-594658757#2,23
1660.0,51362431,9
1660.0,E0,12
1680.0,-594658757#2,23
1680.0,51362431,9
1680.0,E0,12
1700.0,-594658757#2,23
1700.0,51362431,9
1700.0,E0,12
1720.0,-594658757#2,23
1720.0,1334904386#0,1
1720.0,51362431,9
1720.0,E0,11
1740.0,-594658757#2,23
1740.0,1334904386#0,1
1740.0,51362431,9
1740.0,E0,11
1760.0,-594658757#2,22
1760.0,1334904386#0,1
1760.0,51362431,9
1760.0,E0,11
1780.0,-594658757#2,22
1780.0,1334904386#0,1
1780.0,51362431,9
1780.0,E0,11
1800.0,-594658757#2,22
1800.0,51362431,9
1800.0,:cluster_655375246_655375489_3,1
1800.0,E0,11
1820.0,-594658757#2,22
1820.0,51362431,9
1820.0,E0,11
1840.0,-594658757#2,22
1840.0,51362431,9
1840.0,E0,11
1860.0,-594658757#2,22
1860.0,51362431,8
1860.0,594658757#0,1
1860.0,E0,11
1880.0,-594658757#2,22
1880.0,51362431,8
1880.0,E0,11
1900.0,-594658757#2,22
1900.0,51362431,8
1900.0,E0,11
1920.0,-594658757#2,22
1920.0,51362431,8
1920.0,E0,11
1940.0,-594658757#2,22
1940.0,51362431,8
1940.0,E0,11
1960.0,-594658757#2,22
1960.0,51362431,8
1960.0,E0,11
1980.0,-594658757#2,22
1980.0,51362431,8
1980.0,E0,11
2000.0,-594658757#2,22
2000.0,51362431,8
2000.0,E0,11
2020.0,-594658757#2,22
2020.0,1334904386#0,1
2020.0,51362431,8
2020.0,E0,10
2040.0,-594658757#2,23
2040.0,1334904386#0,1
2040.0,51362431,8
2040.0,:655375336_6,1
2040.0,E0,8
2060.0,-594658757#2,23
2060.0,303647015#0,2
2060.0,51362431,8
2060.0,E0,8
2080.0,-594658757#2,23
2080.0,51362431,8
2080.0,E0,8
2100.0,-594658757#2,23
2100.0,51362431,8
2100.0,E0,8
2120.0,-594658757#2,24
2120.0,51362431,8
2120.0,E0,7
2140.0,-594658757#2,24
2140.0,51362431,8
2140.0,E0,7
2160.0,-594658757#2,24
2160.0,51362431,7
2160.0,594658757#0,1
2160.0,E0,7
2180.0,-594658757#2,24
2180.0,51362431,7
2180.0,E0,7
2200.0,-594658757#2,24
2200.0,51362431,7
2200.0,E0,7
2220.0,-594658757#2,24
2220.0,51362431,7
2220.0,E0,7
2240.0,-594658757#2,24
2240.0,51362431,7
2240.0,E0,7
2260.0,-594658757#2,24
2260.0,51362431,7
2260.0,E0,7
2280.0,-594658757#2,24
2280.0,51362431,7
2280.0,E0,7
2300.0,-594658757#2,24
2300.0,51362431,7
2300.0,E0,7
2320.0,-594658757#2,24
2320.0,51362431,7
2320.0,E0,7
2340.0,-594658757#2,24
2340.0,51362431,7
2340.0,E0,7
2360.0,-594658757#2,23
2360.0,303647015#0,1
2360.0,51362431,7
2360.0,E0,7
2380.0,-594658757#2,23
2380.0,51362431,7
2380.0,E0,7
2400.0,-594658757#2,23
2400.0,51362431,7
2400.0,:655375336_6,1
2400.0,E0,6
2420.0,-594658757#2,24
2420.0,51362431,7
2420.0,E0,6
2440.0,-594658757#2,24
2440.0,51362431,7
2440.0,E0,6
2460.0,-594658757#2,24
2460.0,51362431,7
2460.0,E0,6
2480.0,-594658757#2,24
2480.0,51362431,6
2480.0,E0,6
2500.0,-594658757#2,24
2500.0,51362431,6
2500.0,E0,6
2520.0,-594658757#2,24
2520.0,51362431,6
2520.0,E0,6
2540.0,-594658757#2,24
2540.0,51362431,6
2540.0,E0,6
2560.0,-594658757#2,24
2560.0,51362431,6
2560.0,E0,6
2580.0,-594658757#2,24
2580.0,51362431,6
2580.0,E0,6
2600.0,-594658757#2,24
2600.0,51362431,6
2600.0,E0,6
2620.0,-594658757#2,24
2620.0,51362431,6
2620.0,E0,6
2640.0,-594658757#2,24
2640.0,51362431,6
2640.0,E0,6
2660.0,-594658757#2,23
2660.0,303647015#0,1
2660.0,51362431,6
2660.0,E0,6
2680.0,-594658757#2,23
2680.0,51362431,6
2680.0,E0,6
2700.0,-594658757#2,24
2700.0,51362431,6
2700.0,E0,5
2720.0,-594658757#2,24
2720.0,51362431,6
2720.0,E0,5
2740.0,-594658757#2,24
2740.0,51362431,6
2740.0,E0,5
2760.0,-594658757#2,24
2760.0,51362431,6
2760.0,E0,5
2780.0,-594658757#2,24
2780.0,51362431,5
2780.0,594658757#0,1
2780.0,E0,5
2800.0,-594658757#2,24
2800.0,51362431,5
2800.0,E0,5
2820.0,-594658757#2,24
2820.0,51362431,5
2820.0,E0,5
2840.0,-594658757#2,24
2840.0,51362431,5
2840.0,E0,5
2860.0,-594658757#2,24
2860.0,51362431,5
2860.0,E0,5
2880.0,-594658757#2,24
2880.0,51362431,5
2880.0,E0,5
2900.0,-594658757#2,24
2900.0,51362431,5
2900.0,E0,5
2920.0,-594658757#2,24
2920.0,51362431,5
2920.0,E0,5
2940.0,-594658757#2,24
2940.0,51362431,5
2940.0,E0,5
2960.0,-594658757#2,24
2960.0,51362431,5
2960.0,E0,5
2980.0,-594658757#2,23
2980.0,51362431,5
2980.0,E0,5
3000.0,-594658757#2,24
3000.0,51362431,5
3000.0,E0,4
3020.0,-594658757#2,24
3020.0,51362431,5
3020.0,E0,4
3040.0,-594658757#2,24
3040.0,51362431,5
3040.0,E0,4
3060.0,-594658757#2,24
3060.0,51362431,5
3060.0,E0,4
3080.0,-594658757#2,24
3080.0,51362431,4
3080.0,594658757#0,1
3080.0,E0,4
3100.0,-594658757#2,24
3100.0,51362431,4
3100.0,E0,4
3120.0,-594658757#2,24
3120.0,51362431,4
3120.0,E0,4
3140.0,-594658757#2,24
3140.0,51362431,4
3140.0,E0,4
3160.0,-594658757#2,24
3160.0,51362431,4
3160.0,E0,4
3180.0,-594658757#2,24
3180.0,51362431,4
3180.0,E0,4
3200.0,-594658757#2,24
3200.0,51362431,4
3200.0,E0,4
3220.0,-594658757#2,24
3220.0,51362431,4
3220.0,E0,4
3240.0,-594658757#2,24
3240.0,51362431,4
3240.0,E0,4
3260.0,-594658757#2,24
3260.0,51362431,4
3260.0,E0,4
3280.0,-594658757#2,23
3280.0,303647015#0,1
3280.0,51362431,4
3280.0,E0,4
3300.0,-594658757#2,23
3300.0,1334904386#0,1
3300.0,51362431,4
3300.0,E0,3
3320.0,-594658757#2,23
3320.0,51362431,4
3320.0,:cluster_655375246_655375489_3,1
3320.0,E0,3
3340.0,-594658757#2,24
3340.0,51362431,4
3340.0,E0,2
3360.0,-594658757#2,24
3360.0,51362431,4
3360.0,E0,2
3380.0,-594658757#2,24
3380.0,51362431,3
3380.0,594658760#0,1
3380.0,E0,2
3400.0,-594658757#2,24
3400.0,51362431,3
3400.0,E0,2
3420.0,-594658757#2,24
3420.0,51362431,3
3420.0,E0,2
3440.0,-594658757#2,24
3440.0,51362431,3
3440.0,E0,2
3460.0,-594658757#2,24
3460.0,51362431,3
3460.0,E0,2
3480.0,-594658757#2,24
3480.0,51362431,3
3480.0,E0,2
3500.0,-594658757#2,24
3500.0,51362431,3
3500.0,E0,2
3520.0,-594658757#2,24
3520.0,51362431,3
3520.0,E0,2
3540.0,-594658757#2,24
3540.0,51362431,3
3540.0,E0,2
3560.0,-594658757#2,24
3560.0,51362431,3
3560.0,E0,2
3580.0,-594658757#2,23
3580.0,303647015#0,1
3580.0,51362431,3
3580.0,E0,2
3600.0,-594658757#2,23
3600.0,51362431,3
3600.0,E0,2
3620.0,-594658757#2,23
3620.0,51362431,3
3620.0,:655375336_6,1
3620.0,E0,1
3640.0,-594658757#2,24
3640.0,51362431,3
3640.0,E0,1
3660.0,-594658757#2,24
3660.0,51362431,3
3660.0,E0,1
3680.0,-594658757#2,24
3680.0,51362431,3
3680.0,E0,1
3700.0,-594658757#2,24
3700.0,51362431,2
3700.0,E0,1
3720.0,-594658757#2,24
3720.0,51362431,2
3720.0,E0,1
3740.0,-594658757#2,24
3740.0,51362431,2
3740.0,E0,1
3760.0,-594658757#2,24
3760.0,51362431,2
3760.0,E0,1
3780.0,-594658757#2,24
3780.0,51362431,2
3780.0,E0,1
3800.0,-594658757#2,24
3800.0,51362431,2
3800.0,E0,1
3820.0,-594658757#2,24
3820.0,51362431,2
3820.0,E0,1
3840.0,-594658757#2,24
3840.0,51362431,2
3840.0,E0,1
3860.0,-594658757#2,24
3860.0,51362431,2
3860.0,E0,1
3880.0,-594658757#2,23
3880.0,303647015#0,1
3880.0,51362431,2
3880.0,E0,1
3900.0,-594658757#2,23
3900.0,51362431,2
3900.0,E0,1
3920.0,-594658757#2,24
3920.0,51362431,2
3940.0,-594658757#2,24
3940.0,51362431,2
3960.0,-594658757#2,24
3960.0,51362431,2
3980.0,-594658757#2,24
3980.0,51362431,2
4000.0,-594658757#2,24
4000.0,51362431,1
4000.0,594658760#0,1
4020.0,-594658757#2,24
4020.0,51362431,1
4040.0,-594658757#2,24
4040.0,51362431,1
4060.0,-594658757#2,24
4060.0,51362431,1
4080.0,-594658757#2,24
4080.0,51362431,1
4100.0,-594658757#2,24
4100.0,51362431,1
4120.0,-594658757#2,24
4120.0,51362431,1
4140.0,-594658757#2,24
4140.0,51362431,1
4160.0,-594658757#2,24
4160.0,51362431,1
4180.0,-594658757#2,23
4180.0,303647015#0,1
4180.0,51362431,1
4200.0,-594658757#2,23
4200.0,51362431,1
4220.0,-594658757#2,23
4220.0,51362431,1
4240.0,-594658757#2,23
4240.0,51362431,1
4260.0,-594658757#2,23
4260.0,51362431,1
4280.0,-594658757#2,23
4280.0,51362431,1
4300.0,-594658757#2,23
4300.0,594658757#0,1
4320.0,-594658757#2,23
4340.0,-594658757#2,23
4360.0,-594658757#2,23
4380.0,-594658757#2,23
4400.0,-594658757#2,23
4420.0,-594658757#2,23
4440.0,-594658757#2,23
4460.0,-594658757#2,23
4480.0,-594658757#2,23
4500.0,-594658757#2,22
4500.0,303647015#0,1
4520.0,-594658757#2,22
4540.0,-594658757#2,22
4560.0,-594658757#2,22
4580.0,-594658757#2,22
4600.0,-594658757#2,22
4620.0,-594658757#2,22
4640.0,-594658757#2,22
4660.0,-594658757#2,22
4680.0,-594658757#2,22
4700.0,-594658757#2,22
4720.0,-594658757#2,22
4740.0,-594658757#2,22
4760.0,-594658757#2,22
4780.0,-594658757#2,22
4800.0,-594658757#2,21
4800.0,303647015#0,1
4820.0,-594658757#2,21
4840.0,-594658757#2,21
4860.0,-594658757#2,21
4880.0,-594658757#2,21
4900.0,-594658757#2,21
4920.0,-594658757#2,21
4940.0,-594658757#2,21
4960.0,-594658757#2,21
4980.0,-594658757#2,21
5000.0,-594658757#2,21
5020.0,-594658757#2,21
5040.0,-594658757#2,21
5060.0,-594658757#2,21
5080.0,-594658757#2,21
5100.0,-594658757#2,20
5100.0,303647015#0,1
5120.0,-594658757#2,20
5140.0,-594658757#2,20
5160.0,-594658757#2,20
5180.0,-594658757#2,20
5200.0,-594658757#2,20
5220.0,-594658757#2,20
5240.0,-594658757#2,20
5260.0,-594658757#2,20
5280.0,-594658757#2,20
5300.0,-594658757#2,20
5320.0,-594658757#2,20
5340.0,-594658757#2,20
5360.0,-594658757#2,20
5380.0,-594658757#2,20
5400.0,-594658757#2,19
5400.0,303647015#0,1
5420.0,-594658757#2,19
5440.0,-594658757#2,19
5460.0,-594658757#2,19
5480.0,-594658757#2,19
5500.0,-594658757#2,19
5520.0,-594658757#2,19
5540.0,-594658757#2,19
5560.0,-594658757#2,19
5580.0,-594658757#2,19
5600.0,-594658757#2,19
5620.0,-594658757#2,19
5640.0,-594658757#2,19
5660.0,-594658757#2,19
5680.0,-594658757#2,19
5700.0,-594658757#2,19
5720.0,-594658757#2,18
5720.0,303647015#0,1
5740.0,-594658757#2,18
5760.0,-594658757#2,18
5780.0,-594658757#2,18
5800.0,-594658757#2,18
5820.0,-594658757#2,18
5840.0,-594658757#2,18
5860.0,-594658757#2,18
5880.0,-594658757#2,18
5900.0,-594658757#2,18
5920.0,-594658757#2,18
5940.0,-594658757#2,18
5960.0,-594658757#2,18
5980.0,-594658757#2,18
6000.0,-594658757#2,18
6020.0,-594658757#2,17
6020.0,303647015#0,1
6040.0,-594658757#2,17
6060.0,-594658757#2,17
6080.0,-594658757#2,17
6100.0,-594658757#2,17
6120.0,-594658757#2,17
6140.0,-594658757#2,17
6160.0,-594658757#2,17
6180.0,-594658757#2,17
6200.0,-594658757#2,17
6220.0,-594658757#2,17
6240.0,-594658757#2,17
6260.0,-594658757#2,17
6280.0,-594658757#2,17
6300.0,-594658757#2,17
6320.0,-594658757#2,16
6320.0,303647015#0,1
6340.0,-594658757#2,16
6360.0,-594658757#2,16
6380.0,-594658757#2,16
6400.0,-594658757#2,16
6420.0,-594658757#2,16
6440.0,-594658757#2,16
6460.0,-594658757#2,16
6480.0,-594658757#2,16
6500.0,-594658757#2,16
6520.0,-594658757#2,16
6540.0,-594658757#2,16
6560.0,-594658757#2,16
6580.0,-594658757#2,16
6600.0,-594658757#2,16
6620.0,-594658757#2,16
6640.0,-594658757#2,15
6660.0,-594658757#2,15
6680.0,-594658757#2,15
6700.0,-594658757#2,15
6720.0,-594658757#2,15
6740.0,-594658757#2,15
6760.0,-594658757#2,15
6780.0,-594658757#2,15
6800.0,-594658757#2,15
6820.0,-594658757#2,15
6840.0,-594658757#2,15
6860.0,-594658757#2,15
6880.0,-594658757#2,15
6900.0,-594658757#2,15
6920.0,-594658757#2,15
6940.0,-594658757#2,14
6960.0,-594658757#2,14
6980.0,-594658757#2,14
7000.0,-594658757#2,14
7020.0,-594658757#2,14
7040.0,-594658757#2,14
7060.0,-594658757#2,14
7080.0,-594658757#2,14
7100.0,-594658757#2,14
7120.0,-594658757#2,14
7140.0,-594658757#2,14
7160.0,-594658757#2,14
7180.0,-594658757#2,14
7200.0,-594658757#2,14
7220.0,-594658757#2,14
7240.0,-594658757#2,13
7240.0,303647015#0,1
7260.0,-594658757#2,13
7280.0,-594658757#2,13
7300.0,-594658757#2,13
7320.0,-594658757#2,13
7340.0,-594658757#2,13
7360.0,-594658757#2,13
7380.0,-594658757#2,13
7400.0,-594658757#2,13
7420.0,-594658757#2,13
7440.0,-594658757#2,13
7460.0,-594658757#2,13
7480.0,-594658757#2,13
7500.0,-594658757#2,13
7520.0,-594658757#2,13
7540.0,-594658757#2,12
7540.0,303647015#0,1
7560.0,-594658757#2,12
7580.0,-594658757#2,12
7600.0,-594658757#2,12
7620.0,-594658757#2,12
7640.0,-594658757#2,12
7660.0,-594658757#2,12
7680.0,-594658757#2,12
7700.0,-594658757#2,12
7720.0,-594658757#2,12
7740.0,-594658757#2,12
7760.0,-594658757#2,12
7780.0,-594658757#2,12
7800.0,-594658757#2,12
7820.0,-594658757#2,12
7840.0,-594658757#2,12
7860.0,-594658757#2,11
7880.0,-594658757#2,11
7900.0,-594658757#2,11
7920.0,-594658757#2,11
7940.0,-594658757#2,11
7960.0,-594658757#2,11
7980.0,-594658757#2,11
8000.0,-594658757#2,11
8020.0,-594658757#2,11
8040.0,-594658757#2,11
8060.0,-594658757#2,11
8080.0,-594658757#2,11
8100.0,-594658757#2,11
8120.0,-594658757#2,11
8140.0,-594658757#2,11
8160.0,-594658757#2,10
8160.0,303647015#0,1
8180.0,-594658757#2,10
8200.0,-594658757#2,10
8220.0,-594658757#2,10
8240.0,-594658757#2,10
8260.0,-594658757#2,10
8280.0,-594658757#2,10
8300.0,-594658757#2,10
8320.0,-594658757#2,10
8340.0,-594658757#2,10
8360.0,-594658757#2,10
8380.0,-594658757#2,10
8400.0,-594658757#2,10
8420.0,-594658757#2,10
8440.0,-594658757#2,10
8460.0,-594658757#2,9
8460.0,303647015#0,1
8480.0,-594658757#2,9
8500.0,-594658757#2,9
8520.0,-594658757#2,9
8540.0,-594658757#2,9
8560.0,-594658757#2,9
8580.0,-594658757#2,9
8600.0,-594658757#2,9
8620.0,-594658757#2,9
8640.0,-594658757#2,9
8660.0,-594658757#2,9
8680.0,-594658757#2,9
8700.0,-594658757#2,9
8720.0,-594658757#2,9
8740.0,-594658757#2,9
8760.0,-594658757#2,8
8760.0,303647015#0,1
8780.0,-594658757#2,8
8800.0,-594658757#2,8
8820.0,-594658757#2,8
8840.0,-594658757#2,8
8860.0,-594658757#2,8
8880.0,-594658757#2,8
8900.0,-594658757#2,8
8920.0,-594658757#2,8
8940.0,-594658757#2,8
8960.0,-594658757#2,8
8980.0,-594658757#2,8
9000.0,-594658757#2,8
9020.0,-594658757#2,8
9040.0,-594658757#2,8
9060.0,-594658757#2,8
9080.0,-594658757#2,7
9100.0,-594658757#2,7
9120.0,-594658757#2,7
9140.0,-594658757#2,7
9160.0,-594658757#2,7
9180.0,-594658757#2,7
9200.0,-594658757#2,7
9220.0,-594658757#2,7
9240.0,-594658757#2,7
9260.0,-594658757#2,7
9280.0,-594658757#2,7
9300.0,-594658757#2,7
9320.0,-594658757#2,7
9340.0,-594658757#2,7
9360.0,-594658757#2,7
9380.0,-594658757#2,6
9380.0,303647015#0,1
9400.0,-594658757#2,6
9420.0,-594658757#2,6
9440.0,-594658757#2,6
9460.0,-594658757#2,6
9480.0,-594658757#2,6
9500.0,-594658757#2,6
9520.0,-594658757#2,6
9540.0,-594658757#2,6
9560.0,-594658757#2,6
9580.0,-594658757#2,6
9600.0,-594658757#2,6
9620.0,-594658757#2,6
9640.0,-594658757#2,6
9660.0,-594658757#2,6
9680.0,-594658757#2,5
9680.0,303647015#0,1
9700.0,-594658757#2,5
9720.0,-594658757#2,5
9740.0,-594658757#2,5
9760.0,-594658757#2,5
9780.0,-594658757#2,5
9800.0,-594658757#2,5
9820.0,-594658757#2,5
9840.0,-594658757#2,5
9860.0,-594658757#2,5
9880.0,-594658757#2,5
9900.0,-594658757#2,5
9920.0,-594658757#2,5
9940.0,-594658757#2,5
9960.0,-594658757#2,5
9980.0,-594658757#2,4
9980.0,303647015#0,1
10000.0,-594658757#2,4
10020.0,-594658757#2,4
10040.0,-594658757#2,4
10060.0,-594658757#2,4
10080.0,-594658757#2,4
10100.0,-594658757#2,4
10120.0,-594658757#2,4
10140.0,-594658757#2,4
10160.0,-594658757#2,4
10180.0,-594658757#2,4
10200.0,-594658757#2,4
10220.0,-594658757#2,4
10240.0,-594658757#2,4
10260.0,-594658757#2,4
10280.0,-594658757#2,4
10300.0,-594658757#2,3
10320.0,-594658757#2,3
10340.0,-594658757#2,3
10360.0,-594658757#2,3
10380.0,-594658757#2,3
10400.0,-594658757#2,3
10420.0,-594658757#2,3
10440.0,-594658757#2,3
10460.0,-594658757#2,3
10480.0,-594658757#2,3
10500.0,-594658757#2,3
10520.0,-594658757#2,3
10540.0,-594658757#2,3
10560.0,-594658757#2,3
10580.0,-594658757#2,3
10600.0,-594658757#2,2
10600.0,303647015#0,1
10620.0,-594658757#2,2
10640.0,-594658757#2,2
10660.0,-594658757#2,2
10680.0,-594658757#2,2
10700.0,-594658757#2,2
10720.0,-594658757#2,2
10740.0,-594658757#2,2
10760.0,-594658757#2,2
10780.0,-594658757#2,2
10800.0,-594658757#2,2
10820.0,-594658757#2,2
10840.0,-594658757#2,2
10860.0,-594658757#2,2
10880.0,-594658757#2,2
10900.0,-594658757#2,1
10900.0,303647015#0,1
10920.0,-594658757#2,1
10940.0,-594658757#2,1
10960.0,-594658757#2,1
10980.0,-594658757#2,1
11000.0,-594658757#2,1
11020.0,-594658757#2,1
11040.0,-594658757#2,1
11060.0,-594658757#2,1
11080.0,-594658757#2,1
11100.0,-594658757#2,1
